{
 "cells": [
  {
   "cell_type": "code",
   "execution_count": 43,
   "metadata": {
    "ExecuteTime": {
     "end_time": "2020-04-29T08:36:39.320674Z",
     "start_time": "2020-04-29T08:36:39.307188Z"
    },
    "collapsed": true
   },
   "outputs": [],
   "source": [
    "import sys\n",
    "import os\n",
    "sys.path.insert(0,os.path.abspath('..'))\n",
    "from spatial_graphs.AmiraSpatialGraph import AmiraSpatialGraph,MatchBarrels\n",
    "from spatial_graphs.Landmarks import Landmarks\n",
    "from spatial_graphs.Surfaces import Surface\n",
    "from spatial_graphs.Vectors import Vectors\n",
    "from spatial_graphs.Alignment import Alignment\n",
    "from dask import compute,multiprocessing,delayed\n",
    "import pathlib\n",
    "import shutil\n",
    "import glob\n",
    "import pandas as pd\n",
    "import vtk\n",
    "from scipy.spatial import distance\n",
    "import numpy as np\n",
    "import SimpleITK as sitk\n",
    "import itk"
   ]
  },
  {
   "cell_type": "code",
   "execution_count": 44,
   "metadata": {
    "ExecuteTime": {
     "end_time": "2020-04-29T08:36:39.489079Z",
     "start_time": "2020-04-29T08:36:39.479391Z"
    },
    "collapsed": true
   },
   "outputs": [],
   "source": [
    "def add_z_pt_above_below(pt,z_offset,pt_list):\n",
    "    above = [pt[0],pt[1],pt[2]+z_offset]\n",
    "    below = [pt[0],pt[1],pt[2]-z_offset]\n",
    "    pt_list.append(below)\n",
    "    pt_list.append(above)\n",
    "    pt_list.append(pt)\n",
    "    return pt_list"
   ]
  },
  {
   "cell_type": "code",
   "execution_count": 45,
   "metadata": {
    "ExecuteTime": {
     "end_time": "2020-04-29T08:36:39.716446Z",
     "start_time": "2020-04-29T08:36:39.708175Z"
    },
    "collapsed": true
   },
   "outputs": [],
   "source": [
    "def validate_pt(pt,im):\n",
    "    if pt[0]<0:\n",
    "        pt[0] = 0\n",
    "    if pt[0]>im.GetSize()[0]:\n",
    "        pt[0] = im.GetSize()[0]\n",
    "    if pt[1] < 0:\n",
    "        pt[1] = 0\n",
    "    if pt[1] > im.GetSize()[1]:\n",
    "        pt[1] = im.GetSize()[1]\n",
    "        \n",
    "    return pt"
   ]
  },
  {
   "cell_type": "code",
   "execution_count": 46,
   "metadata": {
    "ExecuteTime": {
     "end_time": "2020-04-29T08:36:39.800821Z",
     "start_time": "2020-04-29T08:36:39.787920Z"
    },
    "collapsed": true
   },
   "outputs": [],
   "source": [
    "def get_min_max(pts):\n",
    "    min_x = 9999\n",
    "    max_x = 0\n",
    "    min_y = 9999\n",
    "    max_y = 0\n",
    "    \n",
    "    for pt in pts:\n",
    "        if pt[0] < min_x:\n",
    "            min_x = pt[0]\n",
    "        if pt[0] > max_x:\n",
    "            max_x = pt[0]\n",
    "        if pt[1] < min_y:\n",
    "            min_y = pt[1]\n",
    "        if pt[1] > max_y:\n",
    "            max_y = pt[1]\n",
    "    return min_x,max_x,min_y,max_y"
   ]
  },
  {
   "cell_type": "code",
   "execution_count": 47,
   "metadata": {
    "ExecuteTime": {
     "end_time": "2020-04-29T08:36:40.937051Z",
     "start_time": "2020-04-29T08:36:40.921125Z"
    },
    "collapsed": true
   },
   "outputs": [],
   "source": [
    "def get_real_foreground_im(bb_pts,masked_im):\n",
    "    # get actual ROI as foreground\n",
    "    pt_list=[]\n",
    "    pt_list = add_z_pt_above_below(bb_pts[0],0.5,pt_list)\n",
    "    pt_list = add_z_pt_above_below(bb_pts[1],0.5,pt_list)\n",
    "    pt_list = add_z_pt_above_below(bb_pts[2],0.5,pt_list)\n",
    "    pt_list = add_z_pt_above_below(bb_pts[3],0.5,pt_list)\n",
    "\n",
    "    surf=Surface(pts=pt_list).create_delunay_surface_3d(return_hull=True,output_filename=output_path+'bla.vtk')\n",
    "\n",
    "    np_im = sitk.GetArrayFromImage(masked_im)\n",
    "    nonzeros = np.where(np_im>0)\n",
    "    inds_pts = np.array([nonzeros[0],nonzeros[1],np.zeros_like(nonzeros[0])]).transpose()\n",
    "\n",
    "    l = Landmarks(pts=inds_pts)\n",
    "    selected = l.get_landmarks_within_given_surface(surf)\n",
    "    print(selected)\n",
    "    \n",
    "    return selected"
   ]
  },
  {
   "cell_type": "code",
   "execution_count": 103,
   "metadata": {
    "ExecuteTime": {
     "end_time": "2020-04-29T10:00:31.336848Z",
     "start_time": "2020-04-29T10:00:31.292724Z"
    }
   },
   "outputs": [],
   "source": [
    "def get_bounding_plane(hull,z_coord,height,translation,rotation_angle,manual_tx_mat,im):\n",
    "    \n",
    "    intersectoin_plane = Surface(polydata=hull.get_intersection_plane(z_coord))\n",
    "    #neg_mat = [-1, 0, 0, 0, 0, 1, 0, 0, 0, 0, 1, 0, 0, 0, 0, 1]\n",
    "    if intersectoin_plane.surface.GetNumberOfPoints() > 3:\n",
    "        height = height.split('[')[1].split(']')[0]\n",
    "        #intersectoin_plane.write_surface_mesh(output_path+'before.vtk')\n",
    "        trans = [float(translation.split(' ')[0]), float(translation.split(' ')[1])]\n",
    "        intersectoin_plane.apply_transformation([1, 0, 0, 0, 0, 1, 0, 0, 0, 0, 1, 0, \\\n",
    "                                                 -trans[0], -trans[1]-float(height), -z_coord, 1])\n",
    "        #intersectoin_plane.write_surface_mesh(output_path+'translated.vtk')\n",
    "        #\n",
    "        #intersectoin_plane.apply_transformation([1, 0, 0, 0, 0, 1, 0, 0, 0, 0, 1, 0, -trans[0], -trans[1], -z_coord, 1])\n",
    "        #intersectoin_plane.write_surface_mesh(output_path+'translation.vtk')\n",
    "        theta = -float(rotation_angle)\n",
    "        intersectoin_plane.apply_transformation([np.cos(theta), -np.sin(theta), 0, 1, np.sin(theta), np.cos(theta), 0, 1, \\\n",
    "                                                 0, 0, 0, 1, 0, 0, 0, 1])\n",
    "        #intersectoin_plane.write_surface_mesh(output_path+'rotation.vtk')\n",
    "        intersectoin_plane.apply_transformation(manual_tx_mat,inverse=True)\n",
    "        #intersectoin_plane.write_surface_mesh(output_path+'manual.vtk')\n",
    "#         intersectoin_plane_cube = Surface(polydata=intersectoin_plane.create_delunay_surface_3d(return_hull=True,\\\n",
    "#                                                              output_filename=output_path+'vS1_plane.vtk'))\n",
    "        #intersectoin_plane.write_surface_mesh(output_path+'{}_sec_cutting_plane.vtk'.format(sec_num))\n",
    "        bounds = intersectoin_plane.surface.GetBounds()\n",
    "        pt_list = []\n",
    "        \n",
    "        vtkpts = intersectoin_plane.surface.GetPoints()\n",
    "        #print(selected)\n",
    "        #XY_RES = 1\n",
    "         \n",
    "#         pt1 = [int(vtkpts.GetPoint(0)[0]/XY_RES),int(vtkpts.GetPoint(0)[1]),0]\n",
    "#         pt2 = [int(vtkpts.GetPoint(1)[0]/XY_RES),int(vtkpts.GetPoint(1)[1]),0]\n",
    "#         pt3 = [int(vtkpts.GetPoint(2)[0]/XY_RES),int(vtkpts.GetPoint(2)[1]),0]\n",
    "#         pt4 = [int(vtkpts.GetPoint(3)[0]/XY_RES),int(vtkpts.GetPoint(3)[1]),0]\n",
    "        \n",
    "        # get im inds within the BB of ROI\n",
    "        pt1 = validate_pt([int(bounds[0]/XY_RES),int(bounds[2]/XY_RES),0],im)\n",
    "        pt2 = validate_pt([int(bounds[1]/XY_RES),int(bounds[3]/XY_RES),0],im)\n",
    "        #pt3 = validate_pt(pt3,im)\n",
    "        #pt4 = validate_pt(pt4,im)\n",
    "        \n",
    "        return [pt1,pt2]\n",
    "    else:\n",
    "        return None"
   ]
  },
  {
   "cell_type": "code",
   "execution_count": 104,
   "metadata": {
    "ExecuteTime": {
     "end_time": "2020-04-29T10:00:31.477147Z",
     "start_time": "2020-04-29T10:00:31.467689Z"
    },
    "collapsed": true
   },
   "outputs": [],
   "source": [
    "def mask_im_region_from_bb(np_im,bb_pts):\n",
    "    #np_im = sitk.GetArrayFromImage(im)\n",
    "    #np_im[:,:] = 0\n",
    "    \n",
    "    #min_x,max_x,min_y,max_y = get_min_max(bb_pts)\n",
    "    #print(min_x,max_x,min_y,max_y)\n",
    "    np_im[bb_pts[0][1]:bb_pts[1][1],bb_pts[0][0]:bb_pts[1][0]] = 255\n",
    "    masked_im = sitk.GetImageFromArray(np_im)\n",
    "    #sitk.WriteImage(masked_im,'{}_binary_masked.tif'.format(op_filename))\n",
    "    \n",
    "    return np_im"
   ]
  },
  {
   "cell_type": "code",
   "execution_count": 105,
   "metadata": {
    "ExecuteTime": {
     "end_time": "2020-04-29T10:00:31.625068Z",
     "start_time": "2020-04-29T10:00:31.616212Z"
    },
    "collapsed": true
   },
   "outputs": [],
   "source": [
    "def mark_binary_im(masked_im):\n",
    "    contour_im = sitk.BinaryContour(masked_im,backgroundValue=0,foregroundValue=255)\n",
    "    dil = sitk.BinaryDilateImageFilter()\n",
    "    dil.SetKernelRadius(10)\n",
    "    dil.SetBackgroundValue(0)\n",
    "    dil.SetForegroundValue(255)\n",
    "    contour_dilated = dil.Execute(contour_im)\n",
    "    marked_im = sitk.Or(im,contour_dilated)\n",
    "    return marked_im\n",
    "    "
   ]
  },
  {
   "cell_type": "code",
   "execution_count": 111,
   "metadata": {
    "ExecuteTime": {
     "end_time": "2020-04-29T10:44:48.993216Z",
     "start_time": "2020-04-29T10:44:48.978967Z"
    },
    "collapsed": true
   },
   "outputs": [],
   "source": [
    "animal_name = 'MG48'\n",
    "image_name = 'MG48_3Day_coronal'\n",
    "\n",
    "file_pattern = '*S*.am'\n",
    "images_path = '/nas1/Data_aman/00_Rabies/{}/00_Images/00_Confocal/ch_01_stacks/'.format(image_name)\n",
    "image_file_pattern = 'S*.tif'\n",
    "#rabies_landmarks_path = '/nas1/Data_Mythreya/MotorCortexProject/V4/0_Inputs/SpatialGraphs/Section_Graphs/Rabies/{}/rabies/'.format(animal_name)\n",
    "#neun_landmarks_path = '/nas1/Data_Mythreya/MotorCortexProject/V0/0_Inputs/Landmarks/Manual/Rabies/NeuN/{}/'.format(animal_name)\n",
    "\n",
    "manual_transform_path = '/nas1/Data_aman/00_Rabies/FINAL/Mythreya/MG48_cortex/transformation/'\n",
    "manual_tx_file = manual_transform_path +'manualalign.hx'\n",
    "\n",
    "auto_transform_path = '/nas1/Data_aman/00_Rabies/FINAL/Mythreya/MG48_cortex/transformation/automatic transformation/'\n",
    "auto_depth_file_pattern = 'Depth*'\n",
    "auto_height_file_pattern = 'Height*'\n",
    "auto_translation_file_pattern = 'Translation*'\n",
    "auto_rotation_file_pattern = 'TurnAngle*'\n",
    "\n",
    "#surface_path_vS1 = '/nas1/Data_Mythreya/MotorCortexProject/V9/vM1_Ref_Frame/Outputs/Surfaces/{}_s1_hull.vtk'.format(animal_name)\n",
    "surface_path_vM1_lhs = '/nas1/Data_Mythreya/MotorCortexProject/V9/vM1_Ref_Frame/Outputs/vM1_Ref_Surfaces/{}_lhs_vM1.vtk'.format(animal_name)\n",
    "surface_path_vM1_rhs = '/nas1/Data_Mythreya/MotorCortexProject/V9/vM1_Ref_Frame/Outputs/vM1_Ref_Surfaces/{}_rhs_vM1.vtk'.format(animal_name)\n",
    "\n",
    "output_path = '/nas1/Data_Mythreya/MotorCortexProject/Images_For_NeuN_Count/{}/'.format(animal_name)\n",
    "\n",
    "XY_RES = 0.868"
   ]
  },
  {
   "cell_type": "code",
   "execution_count": 112,
   "metadata": {
    "ExecuteTime": {
     "end_time": "2020-04-29T11:05:13.252616Z",
     "start_time": "2020-04-29T10:44:49.789254Z"
    },
    "scrolled": true
   },
   "outputs": [
    {
     "name": "stdout",
     "output_type": "stream",
     "text": [
      "/nas1/Data_aman/00_Rabies/MG48_3Day_coronal/00_Images/00_Confocal/ch_01_stacks/S100_01.tif\n",
      "100\n",
      "[[ 9.92623e-01 -1.21243e-01  0.00000e+00  0.00000e+00]\n",
      " [ 1.21243e-01  9.92623e-01  0.00000e+00  0.00000e+00]\n",
      " [ 0.00000e+00  0.00000e+00  1.00000e+00  0.00000e+00]\n",
      " [-1.67643e+03  9.76077e+02  0.00000e+00  1.00000e+00]]\n",
      "-0.0271975511966\n",
      "\n",
      "38.7567992545 -206\n",
      "\n",
      "[-3013.51057857]\n",
      "\n",
      "5050\n",
      "\n",
      "True\n",
      "rading image\n",
      "None\n",
      "/nas1/Data_aman/00_Rabies/MG48_3Day_coronal/00_Images/00_Confocal/ch_01_stacks/S101_01.tif\n",
      "101\n",
      "[[ 9.96723e-01 -8.08908e-02  0.00000e+00  0.00000e+00]\n",
      " [ 8.08908e-02  9.96723e-01  0.00000e+00  0.00000e+00]\n",
      " [ 0.00000e+00  0.00000e+00  1.00000e+00  0.00000e+00]\n",
      " [-1.27498e+03  1.55771e+02 -7.62939e-06  1.00000e+00]]\n",
      "-0.0271975511966\n",
      "\n",
      "83.5256379975 -161\n",
      "\n",
      "[-2983.6864018]\n",
      "\n",
      "5100\n",
      "\n",
      "True\n",
      "rading image\n",
      "None\n",
      "/nas1/Data_aman/00_Rabies/MG48_3Day_coronal/00_Images/00_Confocal/ch_01_stacks/S102_01.tif\n",
      "102\n",
      "[[ 9.95752e-01 -9.20819e-02  0.00000e+00  0.00000e+00]\n",
      " [ 9.20819e-02  9.95752e-01  0.00000e+00  0.00000e+00]\n",
      " [ 0.00000e+00  0.00000e+00  1.00000e+00  0.00000e+00]\n",
      " [-1.85793e+03  5.64362e+02 -7.62939e-06  1.00000e+00]]\n",
      "-0.0371975511966\n",
      "\n",
      "105.616011986 -138\n",
      "\n",
      "[-2940.81582437]\n",
      "\n",
      "5150\n",
      "\n",
      "True\n",
      "rading image\n",
      "None\n",
      "/nas1/Data_aman/00_Rabies/MG48_3Day_coronal/00_Images/00_Confocal/ch_01_stacks/S103_01.tif\n",
      "103\n",
      "[[ 9.98850e-01 -4.79483e-02  0.00000e+00  0.00000e+00]\n",
      " [ 4.79483e-02  9.98850e-01  0.00000e+00  0.00000e+00]\n",
      " [ 0.00000e+00  0.00000e+00  1.00000e+00  0.00000e+00]\n",
      " [-1.70091e+03  3.54751e+02  0.00000e+00  1.00000e+00]]\n",
      "-0.0371975511966\n",
      "\n",
      "31.374782562 -319\n",
      "\n",
      "[-2909.16889854]\n",
      "\n",
      "5200\n",
      "\n",
      "True\n",
      "rading image\n",
      "None\n",
      "/nas1/Data_aman/00_Rabies/MG48_3Day_coronal/00_Images/00_Confocal/ch_01_stacks/S104_01.tif\n",
      "104\n",
      "[[ 9.98434e-01 -5.59334e-02  0.00000e+00  0.00000e+00]\n",
      " [ 5.59334e-02  9.98434e-01  0.00000e+00  0.00000e+00]\n",
      " [ 0.00000e+00  0.00000e+00  1.00000e+00  0.00000e+00]\n",
      " [-1.66348e+03  5.02111e+02 -7.62939e-06  1.00000e+00]]\n",
      "-0.0371975511966\n",
      "\n",
      "110.877176516 -338\n",
      "\n",
      "[-3068.53040446]\n",
      "\n",
      "5250\n",
      "\n",
      "True\n",
      "rading image\n",
      "None\n",
      "/nas1/Data_aman/00_Rabies/MG48_3Day_coronal/00_Images/00_Confocal/ch_01_stacks/S105_01.tif\n",
      "105\n",
      "[[ 9.93915e-01 -1.10154e-01  0.00000e+00  0.00000e+00]\n",
      " [ 1.10154e-01  9.93915e-01  0.00000e+00  0.00000e+00]\n",
      " [ 0.00000e+00  0.00000e+00  1.00000e+00  0.00000e+00]\n",
      " [-1.95415e+03  8.07212e+02 -7.62939e-06  1.00000e+00]]\n",
      "-0.0171975511966\n",
      "\n",
      "15.2863969413 -138\n",
      "\n",
      "[-2909.13158875]\n",
      "\n",
      "5300\n",
      "\n",
      "True\n",
      "rading image\n",
      "None\n",
      "/nas1/Data_aman/00_Rabies/MG48_3Day_coronal/00_Images/00_Confocal/ch_01_stacks/S106_01.tif\n",
      "106\n",
      "[[ 9.98511e-01 -5.45533e-02  0.00000e+00  0.00000e+00]\n",
      " [ 5.45533e-02  9.98511e-01  0.00000e+00  0.00000e+00]\n",
      " [ 0.00000e+00  0.00000e+00  1.00000e+00  0.00000e+00]\n",
      " [-1.35582e+03  2.54423e+02  0.00000e+00  1.00000e+00]]\n",
      "-0.0171975511966\n",
      "\n",
      "-2.05934683168 -276\n",
      "\n",
      "[-2954.05011311]\n",
      "\n",
      "5350\n",
      "\n",
      "True\n",
      "rading image\n",
      "None\n",
      "/nas1/Data_aman/00_Rabies/MG48_3Day_coronal/00_Images/00_Confocal/ch_01_stacks/S107_01.tif\n",
      "107\n",
      "[[ 9.99653e-01 -2.63256e-02  0.00000e+00  0.00000e+00]\n",
      " [ 2.63256e-02  9.99653e-01  0.00000e+00  0.00000e+00]\n",
      " [ 0.00000e+00  0.00000e+00  1.00000e+00  0.00000e+00]\n",
      " [-1.54876e+03  4.11672e+02 -1.52588e-05  1.00000e+00]]\n",
      "-0.0071975511966\n",
      "\n",
      "-28.8204058011 -98\n",
      "\n",
      "[-3037.64540973]\n",
      "\n",
      "5400\n",
      "\n",
      "True\n",
      "rading image\n",
      "None\n",
      "/nas1/Data_aman/00_Rabies/MG48_3Day_coronal/00_Images/00_Confocal/ch_01_stacks/S108_01.tif\n",
      "108\n",
      "[[ 9.98785e-01 -4.92773e-02  0.00000e+00  0.00000e+00]\n",
      " [ 4.92773e-02  9.98785e-01  0.00000e+00  0.00000e+00]\n",
      " [ 0.00000e+00  0.00000e+00  1.00000e+00  0.00000e+00]\n",
      " [-1.41916e+03  1.58744e+02 -4.54747e-13  1.00000e+00]]\n",
      "-0.0171975511966\n",
      "\n",
      "67.8971606109 -125\n",
      "\n",
      "[-3014.15308459]\n",
      "\n",
      "5450\n",
      "\n",
      "True\n",
      "rading image\n",
      "None\n",
      "/nas1/Data_aman/00_Rabies/MG48_3Day_coronal/00_Images/00_Confocal/ch_01_stacks/S109_01.tif\n",
      "109\n",
      "[[ 9.97325e-01  7.30873e-02  0.00000e+00  0.00000e+00]\n",
      " [-7.30873e-02  9.97325e-01  0.00000e+00  0.00000e+00]\n",
      " [ 0.00000e+00  0.00000e+00  1.00000e+00  0.00000e+00]\n",
      " [-7.33477e+02 -2.95649e+02 -1.52588e-05  1.00000e+00]]\n",
      "-0.0071975511966\n",
      "\n",
      "18.588472026 -71\n",
      "\n",
      "[-3078.79253538]\n",
      "\n",
      "5500\n",
      "\n",
      "True\n",
      "rading image\n",
      "None\n",
      "/nas1/Data_aman/00_Rabies/MG48_3Day_coronal/00_Images/00_Confocal/ch_01_stacks/S10_01.tif\n",
      "10\n",
      "[[ 9.82641e-01 -1.85518e-01  0.00000e+00  0.00000e+00]\n",
      " [ 1.85518e-01  9.82641e-01  0.00000e+00  0.00000e+00]\n",
      " [ 0.00000e+00  0.00000e+00  1.00000e+00  0.00000e+00]\n",
      " [ 1.13923e+03  2.55120e+03  3.81470e-06  1.00000e+00]]\n",
      "0\n",
      "\n",
      "0 0\n",
      "\n",
      "[-3190.21312698]\n",
      "\n",
      "450\n",
      "\n",
      "True\n",
      "rading image\n",
      "[[464, 179, 0], [8805, 4132, 0]]\n",
      "/nas1/Data_aman/00_Rabies/MG48_3Day_coronal/00_Images/00_Confocal/ch_01_stacks/S110_01.tif\n",
      "110\n",
      "[[ 9.99900e-01  1.41252e-02  0.00000e+00  0.00000e+00]\n",
      " [-1.41252e-02  9.99900e-01  0.00000e+00  0.00000e+00]\n",
      " [ 0.00000e+00  0.00000e+00  1.00000e+00  0.00000e+00]\n",
      " [-1.00175e+03  1.88091e+01  0.00000e+00  1.00000e+00]]\n",
      "-0.0171975511966\n",
      "\n",
      "33.3423144162 -101\n",
      "\n",
      "[-2968.42940406]\n",
      "\n",
      "5550\n",
      "\n",
      "True\n",
      "rading image\n",
      "None\n",
      "/nas1/Data_aman/00_Rabies/MG48_3Day_coronal/00_Images/00_Confocal/ch_01_stacks/S111_01.tif\n",
      "111\n",
      "[[ 9.98858e-01 -4.77665e-02  0.00000e+00  0.00000e+00]\n",
      " [ 4.77665e-02  9.98858e-01  0.00000e+00  0.00000e+00]\n",
      " [ 0.00000e+00  0.00000e+00  1.00000e+00  0.00000e+00]\n",
      " [-1.48507e+03  4.87396e+02  0.00000e+00  1.00000e+00]]\n",
      "-0.0071975511966\n",
      "\n",
      "-34.9163692792 -26\n",
      "\n",
      "[-3128.85571438]\n",
      "\n",
      "5600\n",
      "\n",
      "True\n",
      "rading image\n",
      "None\n",
      "/nas1/Data_aman/00_Rabies/MG48_3Day_coronal/00_Images/00_Confocal/ch_01_stacks/S112_01.tif\n",
      "112\n",
      "[[ 9.99457e-01 -3.29442e-02  0.00000e+00  0.00000e+00]\n",
      " [ 3.29442e-02  9.99457e-01  0.00000e+00  0.00000e+00]\n",
      " [ 0.00000e+00  0.00000e+00  1.00000e+00  0.00000e+00]\n",
      " [-1.46819e+03  2.57285e+02  7.62939e-06  1.00000e+00]]\n",
      "-0.0271975511966\n",
      "\n",
      "67.1817194403 -162\n",
      "\n",
      "[-3028.07559657]\n",
      "\n",
      "5650\n",
      "\n",
      "True\n",
      "rading image\n",
      "None\n",
      "/nas1/Data_aman/00_Rabies/MG48_3Day_coronal/00_Images/00_Confocal/ch_01_stacks/S113_01.tif\n",
      "113\n",
      "[[   1.        0.        0.        0.    ]\n",
      " [   0.        1.        0.        0.    ]\n",
      " [   0.        0.        1.        0.    ]\n",
      " [-908.028    32.4287    0.        1.    ]]\n",
      "-0.0171975511966\n",
      "\n",
      "26.9613137364 -16\n",
      "\n",
      "[-2916.0422637]\n",
      "\n",
      "5700\n",
      "\n",
      "True\n",
      "rading image\n",
      "None\n",
      "/nas1/Data_aman/00_Rabies/MG48_3Day_coronal/00_Images/00_Confocal/ch_01_stacks/S114_01.tif\n",
      "114\n",
      "[[ 9.99924e-01  1.23274e-02  0.00000e+00  0.00000e+00]\n",
      " [-1.23274e-02  9.99924e-01  0.00000e+00  0.00000e+00]\n",
      " [ 0.00000e+00  0.00000e+00  1.00000e+00  0.00000e+00]\n",
      " [-1.12343e+03 -4.87324e+01  0.00000e+00  1.00000e+00]]\n",
      "-0.0071975511966\n",
      "\n",
      "20.286154891 75\n",
      "\n",
      "[-2908.52933028]\n",
      "\n",
      "5750\n",
      "\n",
      "True\n",
      "rading image\n",
      "None\n",
      "/nas1/Data_aman/00_Rabies/MG48_3Day_coronal/00_Images/00_Confocal/ch_01_stacks/S115_01.tif\n",
      "115\n",
      "[[ 9.99889e-01  1.48820e-02  0.00000e+00  0.00000e+00]\n",
      " [-1.48820e-02  9.99889e-01  0.00000e+00  0.00000e+00]\n",
      " [ 0.00000e+00  0.00000e+00  1.00000e+00  0.00000e+00]\n",
      " [-8.99363e+02 -1.79879e+02 -1.52588e-05  1.00000e+00]]\n",
      "-0.0071975511966\n",
      "\n",
      "-9.2457807062 13\n",
      "\n",
      "[-3002.15353397]\n",
      "\n",
      "5800\n",
      "\n",
      "True\n",
      "rading image\n",
      "None\n",
      "/nas1/Data_aman/00_Rabies/MG48_3Day_coronal/00_Images/00_Confocal/ch_01_stacks/S116_01.tif\n",
      "116\n",
      "[[ 9.99946e-01  1.03229e-02  0.00000e+00  0.00000e+00]\n",
      " [-1.03229e-02  9.99946e-01  0.00000e+00  0.00000e+00]\n",
      " [ 0.00000e+00  0.00000e+00  1.00000e+00  0.00000e+00]\n",
      " [-9.81194e+02 -6.82619e+02  0.00000e+00  1.00000e+00]]\n",
      "-0.0071975511966\n",
      "\n",
      "-17.4988667341 30\n",
      "\n",
      "[-2943.46724389]\n",
      "\n",
      "5850\n",
      "\n",
      "True\n",
      "rading image\n",
      "None\n",
      "/nas1/Data_aman/00_Rabies/MG48_3Day_coronal/00_Images/00_Confocal/ch_01_stacks/S117_01.tif\n",
      "117\n",
      "[[ 9.99028e-01 -4.40801e-02  0.00000e+00  0.00000e+00]\n",
      " [ 4.40801e-02  9.99028e-01  0.00000e+00  0.00000e+00]\n",
      " [ 0.00000e+00  0.00000e+00  1.00000e+00  0.00000e+00]\n",
      " [-1.59512e+03  8.20083e+01  7.62939e-06  1.00000e+00]]\n",
      "-0.0071975511966\n",
      "\n",
      "-48.0017758448 24\n",
      "\n",
      "[-2816.24923911]\n",
      "\n",
      "5900\n",
      "\n",
      "True\n",
      "rading image\n",
      "None\n",
      "/nas1/Data_aman/00_Rabies/MG48_3Day_coronal/00_Images/00_Confocal/ch_01_stacks/S118_01.tif\n",
      "118\n",
      "[[ 9.98548e-01  5.38590e-02  0.00000e+00  0.00000e+00]\n",
      " [-5.38590e-02  9.98548e-01  0.00000e+00  0.00000e+00]\n",
      " [ 0.00000e+00  0.00000e+00  1.00000e+00  0.00000e+00]\n",
      " [-8.36310e+02 -3.70921e+02  0.00000e+00  1.00000e+00]]\n",
      "-0.0271975511966\n",
      "\n",
      "64.0534633464 2\n",
      "\n",
      "[-2850.96476511]\n",
      "\n",
      "5950\n",
      "\n",
      "True\n",
      "rading image\n",
      "None\n",
      "/nas1/Data_aman/00_Rabies/MG48_3Day_coronal/00_Images/00_Confocal/ch_01_stacks/S119_01.tif\n",
      "119\n",
      "[[ 9.96493e-01 -8.36747e-02  0.00000e+00  0.00000e+00]\n",
      " [ 8.36747e-02  9.96493e-01  0.00000e+00  0.00000e+00]\n",
      " [ 0.00000e+00  0.00000e+00  1.00000e+00  0.00000e+00]\n",
      " [-1.42944e+03  3.84167e+02  0.00000e+00  1.00000e+00]]\n",
      "-0.0271975511966\n",
      "\n",
      "88.4902186272 -121\n",
      "\n",
      "[-3094.21728881]\n",
      "\n",
      "6000\n",
      "\n",
      "True\n",
      "rading image\n"
     ]
    },
    {
     "name": "stdout",
     "output_type": "stream",
     "text": [
      "None\n",
      "/nas1/Data_aman/00_Rabies/MG48_3Day_coronal/00_Images/00_Confocal/ch_01_stacks/S11_01.tif\n",
      "11\n",
      "[[ 1.00000e+00  0.00000e+00  0.00000e+00  0.00000e+00]\n",
      " [ 0.00000e+00  1.00000e+00  0.00000e+00  0.00000e+00]\n",
      " [ 0.00000e+00  0.00000e+00  1.00000e+00  0.00000e+00]\n",
      " [ 1.52663e+03  1.68798e+03 -3.81470e-06  1.00000e+00]]\n",
      "0\n",
      "\n",
      "0 0\n",
      "\n",
      "[-3135.34816254]\n",
      "\n",
      "500\n",
      "\n",
      "True\n",
      "rading image\n",
      "[[201, 503, 0], [8737, 4181, 0]]\n",
      "/nas1/Data_aman/00_Rabies/MG48_3Day_coronal/00_Images/00_Confocal/ch_01_stacks/S120_01.tif\n",
      "120\n",
      "[[ 9.97708e-01 -6.76732e-02  0.00000e+00  0.00000e+00]\n",
      " [ 6.76732e-02  9.97708e-01  0.00000e+00  0.00000e+00]\n",
      " [ 0.00000e+00  0.00000e+00  1.00000e+00  0.00000e+00]\n",
      " [-1.47115e+03  1.71843e+02  0.00000e+00  1.00000e+00]]\n",
      "-0.0171975511966\n",
      "\n",
      "-22.81503951 50\n",
      "\n",
      "[-3008.92542421]\n",
      "\n",
      "6050\n",
      "\n",
      "True\n",
      "rading image\n",
      "None\n",
      "/nas1/Data_aman/00_Rabies/MG48_3Day_coronal/00_Images/00_Confocal/ch_01_stacks/S121_01.tif\n",
      "121\n",
      "[[ 9.85795e-01 -1.67954e-01  0.00000e+00  0.00000e+00]\n",
      " [ 1.67954e-01  9.85795e-01  0.00000e+00  0.00000e+00]\n",
      " [ 0.00000e+00  0.00000e+00  1.00000e+00  0.00000e+00]\n",
      " [-2.02050e+03  6.85207e+02 -1.52588e-05  1.00000e+00]]\n",
      "-0.0071975511966\n",
      "\n",
      "-16.0360726314 126\n",
      "\n",
      "[-3102.77426589]\n",
      "\n",
      "6100\n",
      "\n",
      "True\n",
      "rading image\n",
      "None\n",
      "/nas1/Data_aman/00_Rabies/MG48_3Day_coronal/00_Images/00_Confocal/ch_01_stacks/S122_01.tif\n",
      "122\n",
      "[[ 9.99938e-01  1.11356e-02  0.00000e+00  0.00000e+00]\n",
      " [-1.11356e-02  9.99938e-01  0.00000e+00  0.00000e+00]\n",
      " [ 0.00000e+00  0.00000e+00  1.00000e+00  0.00000e+00]\n",
      " [-1.05630e+03 -1.64193e+02 -7.62939e-06  1.00000e+00]]\n",
      "-0.0271975511966\n",
      "\n",
      "123.179234824 112\n",
      "\n",
      "[-2803.3127471]\n",
      "\n",
      "6150\n",
      "\n",
      "True\n",
      "rading image\n",
      "None\n",
      "/nas1/Data_aman/00_Rabies/MG48_3Day_coronal/00_Images/00_Confocal/ch_01_stacks/S123_01.tif\n",
      "123\n",
      "[[ 9.95181e-01 -9.80526e-02  0.00000e+00  0.00000e+00]\n",
      " [ 9.80526e-02  9.95181e-01  0.00000e+00  0.00000e+00]\n",
      " [ 0.00000e+00  0.00000e+00  1.00000e+00  0.00000e+00]\n",
      " [-1.51249e+03  6.21495e+02 -7.62939e-06  1.00000e+00]]\n",
      "-0.0171975511966\n",
      "\n",
      "-10.8586492869 60\n",
      "\n",
      "[-2945.35173613]\n",
      "\n",
      "6200\n",
      "\n",
      "True\n",
      "rading image\n",
      "None\n",
      "/nas1/Data_aman/00_Rabies/MG48_3Day_coronal/00_Images/00_Confocal/ch_01_stacks/S124_01.tif\n",
      "124\n",
      "[[ 9.96705e-01 -8.11105e-02  0.00000e+00  0.00000e+00]\n",
      " [ 8.11105e-02  9.96705e-01  0.00000e+00  0.00000e+00]\n",
      " [ 0.00000e+00  0.00000e+00  1.00000e+00  0.00000e+00]\n",
      " [-1.58917e+03 -3.60530e+02  1.52588e-05  1.00000e+00]]\n",
      "-0.0171975511966\n",
      "\n",
      "2.80270761697 13\n",
      "\n",
      "[-2896.13505533]\n",
      "\n",
      "6250\n",
      "\n",
      "True\n",
      "rading image\n",
      "None\n",
      "/nas1/Data_aman/00_Rabies/MG48_3Day_coronal/00_Images/00_Confocal/ch_01_stacks/S125_01.tif\n",
      "125\n",
      "[[ 9.98405e-01 -5.64606e-02  0.00000e+00  0.00000e+00]\n",
      " [ 5.64606e-02  9.98405e-01  0.00000e+00  0.00000e+00]\n",
      " [ 0.00000e+00  0.00000e+00  1.00000e+00  0.00000e+00]\n",
      " [-1.27545e+03  5.61758e+01  0.00000e+00  1.00000e+00]]\n",
      "-0.0271975511966\n",
      "\n",
      "40.9981888216 -38\n",
      "\n",
      "[-2943.37810472]\n",
      "\n",
      "6300\n",
      "\n",
      "True\n",
      "rading image\n",
      "None\n",
      "/nas1/Data_aman/00_Rabies/MG48_3Day_coronal/00_Images/00_Confocal/ch_01_stacks/S126_01.tif\n",
      "126\n",
      "[[ 9.95634e-01 -9.33388e-02  0.00000e+00  0.00000e+00]\n",
      " [ 9.33388e-02  9.95634e-01  0.00000e+00  0.00000e+00]\n",
      " [ 0.00000e+00  0.00000e+00  1.00000e+00  0.00000e+00]\n",
      " [-1.71926e+03  9.58984e+00  0.00000e+00  1.00000e+00]]\n",
      "-0.0171975511966\n",
      "\n",
      "0 0\n",
      "\n",
      "[-2955.64310156]\n",
      "\n",
      "6350\n",
      "\n",
      "True\n",
      "rading image\n",
      "None\n",
      "/nas1/Data_aman/00_Rabies/MG48_3Day_coronal/00_Images/00_Confocal/ch_01_stacks/S127_01.tif\n",
      "127\n",
      "[[ 9.97809e-01  6.61549e-02  0.00000e+00  0.00000e+00]\n",
      " [-6.61549e-02  9.97809e-01  0.00000e+00  0.00000e+00]\n",
      " [ 0.00000e+00  0.00000e+00  1.00000e+00  0.00000e+00]\n",
      " [-7.07126e+02 -2.99669e+02  7.62939e-06  1.00000e+00]]\n",
      "-0.0171975511966\n",
      "\n",
      "0 0\n",
      "\n",
      "[-2779.44497865]\n",
      "\n",
      "6400\n",
      "\n",
      "True\n",
      "rading image\n",
      "None\n",
      "/nas1/Data_aman/00_Rabies/MG48_3Day_coronal/00_Images/00_Confocal/ch_01_stacks/S128_01.tif\n",
      "128\n",
      "[[ 9.99300e-01 -3.73950e-02  0.00000e+00  0.00000e+00]\n",
      " [ 3.73950e-02  9.99300e-01  0.00000e+00  0.00000e+00]\n",
      " [ 0.00000e+00  0.00000e+00  1.00000e+00  0.00000e+00]\n",
      " [-1.57202e+03  2.77945e+02 -7.62939e-06  1.00000e+00]]\n",
      "-0.0171975511966\n",
      "\n",
      "102.753335993 31\n",
      "\n",
      "[-2858.68828474]\n",
      "\n",
      "6450\n",
      "\n",
      "True\n",
      "rading image\n",
      "None\n",
      "/nas1/Data_aman/00_Rabies/MG48_3Day_coronal/00_Images/00_Confocal/ch_01_stacks/S129_01.tif\n",
      "129\n",
      "[[ 9.99866e-01 -1.63540e-02  0.00000e+00  0.00000e+00]\n",
      " [ 1.63540e-02  9.99866e-01  0.00000e+00  0.00000e+00]\n",
      " [ 0.00000e+00  0.00000e+00  1.00000e+00  0.00000e+00]\n",
      " [-1.10938e+03 -6.97426e+02  0.00000e+00  1.00000e+00]]\n",
      "-0.0271975511966\n",
      "\n",
      "138.660493412 -77\n",
      "\n",
      "[-2965.98251101]\n",
      "\n",
      "6500\n",
      "\n",
      "True\n",
      "rading image\n",
      "None\n",
      "/nas1/Data_aman/00_Rabies/MG48_3Day_coronal/00_Images/00_Confocal/ch_01_stacks/S12_01.tif\n",
      "12\n",
      "[[1.00000e+00 0.00000e+00 0.00000e+00 0.00000e+00]\n",
      " [0.00000e+00 1.00000e+00 0.00000e+00 0.00000e+00]\n",
      " [0.00000e+00 0.00000e+00 1.00000e+00 0.00000e+00]\n",
      " [1.47698e+03 1.50181e+03 0.00000e+00 1.00000e+00]]\n",
      "0\n",
      "\n",
      "0 0\n",
      "\n",
      "[-3161.72336017]\n",
      "\n",
      "550\n",
      "\n",
      "True\n",
      "rading image\n",
      "[[199, 700, 0], [8856, 4489, 0]]\n",
      "/nas1/Data_aman/00_Rabies/MG48_3Day_coronal/00_Images/00_Confocal/ch_01_stacks/S130_01.tif\n",
      "130\n",
      "[[ 9.97331e-01 -7.30154e-02  0.00000e+00  0.00000e+00]\n",
      " [ 7.30154e-02  9.97331e-01  0.00000e+00  0.00000e+00]\n",
      " [ 0.00000e+00  0.00000e+00  1.00000e+00  0.00000e+00]\n",
      " [-1.35240e+03  4.65077e+02  0.00000e+00  1.00000e+00]]\n",
      "-0.0071975511966\n",
      "\n",
      "65.0948811605 38\n",
      "\n",
      "[-2889.73794625]\n",
      "\n",
      "6550\n",
      "\n",
      "True\n",
      "rading image\n",
      "None\n",
      "/nas1/Data_aman/00_Rabies/MG48_3Day_coronal/00_Images/00_Confocal/ch_01_stacks/S131_01.tif\n",
      "131\n",
      "[[ 9.91463e-01 -1.30390e-01  0.00000e+00  0.00000e+00]\n",
      " [ 1.30390e-01  9.91463e-01  0.00000e+00  0.00000e+00]\n",
      " [ 0.00000e+00  0.00000e+00  1.00000e+00  0.00000e+00]\n",
      " [-2.41951e+03  9.38108e+02  7.62939e-06  1.00000e+00]]\n",
      "-0.0171975511966\n",
      "\n",
      "75.5389920015 69\n",
      "\n",
      "[-2849.12279672]\n",
      "\n",
      "6600\n",
      "\n",
      "True\n",
      "rading image\n",
      "None\n",
      "/nas1/Data_aman/00_Rabies/MG48_3Day_coronal/00_Images/00_Confocal/ch_01_stacks/S132_01.tif\n",
      "132\n",
      "[[ 9.99280e-01 -3.79417e-02  0.00000e+00  0.00000e+00]\n",
      " [ 3.79417e-02  9.99280e-01  0.00000e+00  0.00000e+00]\n",
      " [ 0.00000e+00  0.00000e+00  1.00000e+00  0.00000e+00]\n",
      " [-1.33044e+03  2.17402e+01  0.00000e+00  1.00000e+00]]\n",
      "-0.0071975511966\n",
      "\n",
      "-14.6104309979 -38\n",
      "\n",
      "[-2769.48855175]\n",
      "\n",
      "6650\n",
      "\n",
      "True\n",
      "rading image\n",
      "None\n",
      "/nas1/Data_aman/00_Rabies/MG48_3Day_coronal/00_Images/00_Confocal/ch_01_stacks/S133_01.tif\n",
      "133\n",
      "[[ 9.98822e-01 -4.85307e-02  0.00000e+00  0.00000e+00]\n",
      " [ 4.85307e-02  9.98822e-01  0.00000e+00  0.00000e+00]\n",
      " [ 0.00000e+00  0.00000e+00  1.00000e+00  0.00000e+00]\n",
      " [-1.87678e+03  1.05890e+02  0.00000e+00  1.00000e+00]]\n",
      "-0.0071975511966\n",
      "\n",
      "29.8131026603 176\n",
      "\n",
      "[-2940.17107455]\n",
      "\n",
      "6700\n",
      "\n",
      "True\n",
      "rading image\n",
      "None\n",
      "/nas1/Data_aman/00_Rabies/MG48_3Day_coronal/00_Images/00_Confocal/ch_01_stacks/S134_01.tif\n",
      "134\n",
      "[[ 9.82593e-01 -1.85770e-01  0.00000e+00  0.00000e+00]\n",
      " [ 1.85770e-01  9.82593e-01  0.00000e+00  0.00000e+00]\n",
      " [ 0.00000e+00  0.00000e+00  1.00000e+00  0.00000e+00]\n",
      " [-2.37141e+03  8.98707e+02  7.62939e-06  1.00000e+00]]\n",
      "0.0028024488034\n",
      "\n",
      "-94.0386983817 218\n",
      "\n",
      "[-2947.85636875]\n",
      "\n",
      "6750\n",
      "\n",
      "True\n",
      "rading image\n",
      "None\n",
      "/nas1/Data_aman/00_Rabies/MG48_3Day_coronal/00_Images/00_Confocal/ch_01_stacks/S135_01.tif\n",
      "135\n",
      "[[ 9.99163e-01  4.09112e-02  0.00000e+00  0.00000e+00]\n",
      " [-4.09112e-02  9.99163e-01  0.00000e+00  0.00000e+00]\n",
      " [ 0.00000e+00  0.00000e+00  1.00000e+00  0.00000e+00]\n",
      " [-7.60775e+02 -4.95946e+02  7.62939e-06  1.00000e+00]]\n",
      "0.0028024488034\n",
      "\n",
      "-9.54817155144 306\n",
      "\n",
      "[-2914.36621919]\n",
      "\n",
      "6800\n",
      "\n",
      "True\n",
      "rading image\n",
      "None\n",
      "/nas1/Data_aman/00_Rabies/MG48_3Day_coronal/00_Images/00_Confocal/ch_01_stacks/S136_01.tif\n",
      "136\n",
      "[[ 9.99752e-01 -2.22560e-02  0.00000e+00  0.00000e+00]\n",
      " [ 2.22560e-02  9.99752e-01  0.00000e+00  0.00000e+00]\n",
      " [ 0.00000e+00  0.00000e+00  1.00000e+00  0.00000e+00]\n",
      " [-1.16520e+03 -2.25563e+02 -7.62939e-06  1.00000e+00]]\n",
      "-0.0071975511966\n",
      "\n",
      "2.00126911164 81\n",
      "\n",
      "[-2762.56740093]\n",
      "\n",
      "6850\n",
      "\n",
      "True\n",
      "rading image\n",
      "None\n",
      "/nas1/Data_aman/00_Rabies/MG48_3Day_coronal/00_Images/00_Confocal/ch_01_stacks/S137_01.tif\n",
      "137\n",
      "[[ 9.97411e-01 -7.19076e-02  0.00000e+00  0.00000e+00]\n",
      " [ 7.19076e-02  9.97411e-01  0.00000e+00  0.00000e+00]\n",
      " [ 0.00000e+00  0.00000e+00  1.00000e+00  0.00000e+00]\n",
      " [-1.42170e+03 -5.50448e+02 -7.62939e-06  1.00000e+00]]\n",
      "-0.0171975511966\n",
      "\n",
      "93.9182006687 -59\n",
      "\n",
      "[-2819.74323681]\n",
      "\n",
      "6900\n",
      "\n",
      "True\n",
      "rading image\n",
      "None\n",
      "/nas1/Data_aman/00_Rabies/MG48_3Day_coronal/00_Images/00_Confocal/ch_01_stacks/S138_01.tif\n",
      "138\n",
      "[[ 9.94325e-01  1.06382e-01  0.00000e+00  0.00000e+00]\n",
      " [-1.06382e-01  9.94325e-01  0.00000e+00  0.00000e+00]\n",
      " [ 0.00000e+00  0.00000e+00  1.00000e+00  0.00000e+00]\n",
      " [-3.54992e+02 -1.09638e+03  0.00000e+00  1.00000e+00]]\n",
      "-0.0171975511966\n",
      "\n",
      "7.14167288416 -33\n",
      "\n",
      "[-2893.00779486]\n",
      "\n",
      "6950\n",
      "\n",
      "True\n",
      "rading image\n"
     ]
    },
    {
     "name": "stdout",
     "output_type": "stream",
     "text": [
      "None\n",
      "/nas1/Data_aman/00_Rabies/MG48_3Day_coronal/00_Images/00_Confocal/ch_01_stacks/S139_01.tif\n",
      "139\n",
      "[[ 9.97149e-01 -7.54584e-02  0.00000e+00  0.00000e+00]\n",
      " [ 7.54584e-02  9.97149e-01  0.00000e+00  0.00000e+00]\n",
      " [ 0.00000e+00  0.00000e+00  1.00000e+00  0.00000e+00]\n",
      " [-1.36040e+03 -1.39623e+02  0.00000e+00  1.00000e+00]]\n",
      "-0.0071975511966\n",
      "\n",
      "21.4712901988 89\n",
      "\n",
      "[-2839.14307842]\n",
      "\n",
      "7000\n",
      "\n",
      "True\n",
      "rading image\n",
      "None\n",
      "/nas1/Data_aman/00_Rabies/MG48_3Day_coronal/00_Images/00_Confocal/ch_01_stacks/S13_01.tif\n",
      "13\n",
      "[[ 9.94009e-01 -1.09294e-01  0.00000e+00  0.00000e+00]\n",
      " [ 1.09294e-01  9.94009e-01  0.00000e+00  0.00000e+00]\n",
      " [ 0.00000e+00  0.00000e+00  1.00000e+00  0.00000e+00]\n",
      " [ 1.28598e+03  1.46974e+03  0.00000e+00  1.00000e+00]]\n",
      "0\n",
      "\n",
      "0 0\n",
      "\n",
      "[-3049.55676401]\n",
      "\n",
      "600\n",
      "\n",
      "True\n",
      "rading image\n",
      "[[32, 921, 0], [8857, 4880, 0]]\n",
      "/nas1/Data_aman/00_Rabies/MG48_3Day_coronal/00_Images/00_Confocal/ch_01_stacks/S140_01.tif\n",
      "140\n",
      "[[ 9.99097e-01  4.24820e-02  0.00000e+00  0.00000e+00]\n",
      " [-4.24820e-02  9.99097e-01  0.00000e+00  0.00000e+00]\n",
      " [ 0.00000e+00  0.00000e+00  1.00000e+00  0.00000e+00]\n",
      " [-1.27627e+03 -2.83452e+02 -1.52588e-05  1.00000e+00]]\n",
      "-0.0071975511966\n",
      "\n",
      "-32.8001967786 -24\n",
      "\n",
      "[-2947.00280074]\n",
      "\n",
      "7050\n",
      "\n",
      "True\n",
      "rading image\n",
      "None\n",
      "/nas1/Data_aman/00_Rabies/MG48_3Day_coronal/00_Images/00_Confocal/ch_01_stacks/S141_01.tif\n",
      "141\n",
      "[[ 9.99084e-01 -4.27864e-02  0.00000e+00  0.00000e+00]\n",
      " [ 4.27864e-02  9.99084e-01  0.00000e+00  0.00000e+00]\n",
      " [ 0.00000e+00  0.00000e+00  1.00000e+00  0.00000e+00]\n",
      " [-1.97113e+03 -6.16669e+02 -7.62939e-06  1.00000e+00]]\n",
      "-0.0271975511966\n",
      "\n",
      "64.9444883927 -96\n",
      "\n",
      "[-2798.71182488]\n",
      "\n",
      "7100\n",
      "\n",
      "True\n",
      "rading image\n",
      "None\n",
      "/nas1/Data_aman/00_Rabies/MG48_3Day_coronal/00_Images/00_Confocal/ch_01_stacks/S142_01.tif\n",
      "142\n",
      "[[ 1.00000e+00  0.00000e+00  0.00000e+00  0.00000e+00]\n",
      " [ 0.00000e+00  1.00000e+00  0.00000e+00  0.00000e+00]\n",
      " [ 0.00000e+00  0.00000e+00  1.00000e+00  0.00000e+00]\n",
      " [-1.91616e+03  7.16333e+01  0.00000e+00  1.00000e+00]]\n",
      "-0.0171975511966\n",
      "\n",
      "69.1687771572 -157\n",
      "\n",
      "[-2924.63915854]\n",
      "\n",
      "7150\n",
      "\n",
      "True\n",
      "rading image\n",
      "None\n",
      "/nas1/Data_aman/00_Rabies/MG48_3Day_coronal/00_Images/00_Confocal/ch_01_stacks/S143_01.tif\n",
      "143\n",
      "[[ 9.98358e-01 -5.72801e-02  0.00000e+00  0.00000e+00]\n",
      " [ 5.72801e-02  9.98358e-01  0.00000e+00  0.00000e+00]\n",
      " [ 0.00000e+00  0.00000e+00  1.00000e+00  0.00000e+00]\n",
      " [-2.04862e+03 -4.69171e+02  0.00000e+00  1.00000e+00]]\n",
      "-0.0071975511966\n",
      "\n",
      "-27.1425955726 14\n",
      "\n",
      "[-2825.87579458]\n",
      "\n",
      "7200\n",
      "\n",
      "True\n",
      "rading image\n",
      "None\n",
      "/nas1/Data_aman/00_Rabies/MG48_3Day_coronal/00_Images/00_Confocal/ch_01_stacks/S144_01.tif\n",
      "144\n",
      "[[ 9.99947e-01  1.02502e-02  0.00000e+00  0.00000e+00]\n",
      " [-1.02502e-02  9.99947e-01  0.00000e+00  0.00000e+00]\n",
      " [ 0.00000e+00  0.00000e+00  1.00000e+00  0.00000e+00]\n",
      " [-1.77313e+03 -3.61847e+02 -4.54747e-13  1.00000e+00]]\n",
      "-0.0071975511966\n",
      "\n",
      "2.79272944924 -25\n",
      "\n",
      "[-2816.43432856]\n",
      "\n",
      "7250\n",
      "\n",
      "True\n",
      "rading image\n",
      "None\n",
