{
 "cells": [
  {
   "cell_type": "code",
   "execution_count": 9,
   "metadata": {
    "ExecuteTime": {
     "end_time": "2020-12-01T11:34:06.488521Z",
     "start_time": "2020-12-01T11:34:06.477956Z"
    },
    "collapsed": true
   },
   "outputs": [],
   "source": [
    "import sys\n",
    "import os\n",
    "sys.path.insert(0,os.path.abspath('..'))\n",
    "from spatial_graphs.AmiraSpatialGraph import AmiraSpatialGraph,SpatialGraphData\n",
    "from spatial_graphs.Landmarks import Landmarks\n",
    "from spatial_graphs.Surfaces import Surface\n",
    "import pathlib\n",
    "import glob\n",
    "import numpy as np"
   ]
  },
  {
   "cell_type": "code",
   "execution_count": 10,
   "metadata": {
    "ExecuteTime": {
     "end_time": "2020-12-01T11:34:06.648524Z",
     "start_time": "2020-12-01T11:34:06.635096Z"
    },
    "collapsed": true
   },
   "outputs": [],
   "source": [
    "def get_tx_mat_from_hx_file(file, lines):\n",
    "    str_to_compare = '\"'+os.path.basename(file)+'\"'+ ' setTransform '\n",
    "    tx_mat = []\n",
    "    tx_mat_np = np.array([[1,0,0,0],[0,1,0,0],[0,0,1,0],[0,0,0,1]]).reshape(4,4)\n",
    "    for line in lines:\n",
    "        if line.startswith(str_to_compare):\n",
    "            #tx_mat = (line[len(str_to_compare):-1].split(' '))\n",
    "            for num in (line[len(str_to_compare):-1].split(' ')):\n",
    "                tx_mat.append(float(num))\n",
    "            tx_mat_np = np.array(tx_mat).reshape(4,4)\n",
    "            break\n",
    "        \n",
    "    return tx_mat_np"
   ]
  },
  {
   "cell_type": "code",
   "execution_count": 11,
   "metadata": {
    "ExecuteTime": {
     "end_time": "2020-12-01T11:34:06.808544Z",
     "start_time": "2020-12-01T11:34:06.795291Z"
    },
    "collapsed": true
   },
   "outputs": [],
   "source": [
    "def get_tx_mat_from_hx_file_using_filename(file_pattern, lines):\n",
    "    str_to_compare = '\"'+file_pattern+'\"'+ ' setTransform '\n",
    "    print(str_to_compare)\n",
    "    tx_mat = []\n",
    "    tx_mat_np = np.array([[1,0,0,0],[0,1,0,0],[0,0,1,0],[0,0,0,1]]).reshape(4,4)\n",
    "    for line in lines:\n",
    "        if line.startswith(str_to_compare):\n",
    "            #tx_mat = (line[len(str_to_compare):-1].split(' '))\n",
    "            for num in (line[len(str_to_compare):-1].split(' ')):\n",
    "                tx_mat.append(float(num))\n",
    "            tx_mat_np = np.array(tx_mat).reshape(4,4)\n",
    "            break\n",
    "        \n",
    "    return tx_mat_np"
   ]
  },
  {
   "cell_type": "code",
   "execution_count": 12,
   "metadata": {
    "ExecuteTime": {
     "end_time": "2020-12-01T11:34:07.716512Z",
     "start_time": "2020-12-01T11:34:07.710243Z"
    },
    "collapsed": true
   },
   "outputs": [],
   "source": [
    "# basepath = '/nas1/MotorCortex/Data/2_Morphologies_ASCs_and_Hocs/Finalround_newly_added/RA_20160307/'\n",
    "# animal_name = 'RA_20160307_4x_for_merge'\n",
    "\n",
    "# cell_name = ''\n",
    "\n",
    "# full_path = basepath + animal_name + '/' + cell_name  + 'ascii/'\n",
    "\n",
    "# file_pattern = 'S{:02d}*.am'\n",
    "\n",
    "# tx_file = basepath + animal_name + '/' + cell_name + 'Untitled2.hx'\n",
    "\n",
    "# op_path = '/nas1/Data_Mythreya/MotorCortexProject/Auto_Merged_Spatial_Graphs/'\n",
    "\n",
    "# pathlib.Path(op_path).mkdir(exist_ok=True)\n",
    "\n",
    "#path = path + 'ascii/'\n",
    "\n",
    "\n"
   ]
  },
  {
   "cell_type": "markdown",
   "metadata": {},
   "source": [
    "# Merge NeuN "
   ]
  },
  {
   "cell_type": "code",
   "execution_count": 23,
   "metadata": {
    "ExecuteTime": {
     "end_time": "2020-12-01T12:56:55.040487Z",
     "start_time": "2020-12-01T12:56:55.029214Z"
    },
    "collapsed": true
   },
   "outputs": [],
   "source": [
    "animal_name = 'MG50_lhs'\n",
    "#s1_or_m1 = 'vM1/Central_Axis'\n",
    "#s1_or_m1 = 'vS1'\n",
    "\n",
    "tx_file = '/nas1/Data_Mythreya/MotorCortexProject/V11/vM1_Ref_Frame/Original_Data/Spatial_Graphs/misc/Section_Graphs/{}.am/aligntobarrel.hx'.format(animal_name)\n",
    "#tx_file = '/nas1/Data_Mythreya/MotorCortexProject/NeuN_Counts_3D/MG50_lhs/Transformed_To_Section_Image/align.hx'\n",
    "\n",
    "section_graphs_path = '/nas1/Data_Mythreya/MotorCortexProject/V11/vM1_Ref_Frame/Original_Data/Spatial_Graphs/misc/Section_Graphs/{}.am/'.format(animal_name)\n",
    "#section_graphs_path = '/nas1/Data_Mythreya/MotorCortexProject/NeuN_Counts_3D/MG50_lhs/Transformed_To_Section_Image/'\n",
    "\n",
    "file_pattern = 'S{:03d}*.am'\n",
    "#file_pattern = 'S{:02d}_00.tif'\n",
    "\n",
    "barrel_name = 'D3'\n",
    "offset = 10# microns\n",
    "#rabies_landmarks_path = '/nas1/Data_Mythreya/MotorCortexProject/V2/0_Inputs/SpatialGraphs/Section_Graphs/Rabies/{}/rabies/'.format(animal_name)\n",
    "#neun_landmarks_path = '/nas1/Data_Mythreya/MotorCortexProject/Images_For_NeuN_Count_For_Barrels/{}/{}_{}/'.format(animal_name,animal_name,barrel_name)\n",
    "#neun_landmarks_path = '/nas1/Data_Mythreya/MotorCortexProject/Images_For_NeuN_Count_Central_Axis_Radius_250um/{}/'.format(animal_name)\n",
    "#neun_landmarks_path = '/nas1/Data_Mythreya/MotorCortexProject/Images_For_NeuN_Count_For_Barrels/{}/{}_{}/'.format(animal_name,animal_name,barrel_name)\n",
    "#neun_landmarks_path = '/nas1/Data_aman/For_/For_Mythreya/NeuN_project/{}/{}/'.format(animal_name,barrel_name)\n",
    "#neun_landmarks_path = '/nas1/Data_Mythreya/MotorCortexProject/NeuN_Counts/{}/'.format(animal_name)\n",
    "#neun_landmarks_path = '/nas1/Data_Mythreya/MotorCortexProject/NeuN_Counts_3D/MG50_lhs/'\n",
    "neun_landmarks_path = '/nas1/Data_Mythreya/MotorCortexProject/NeuN_Counts_3D/MG50_lhs/Transformed_To_Section_Image/'"
   ]
  },
  {
   "cell_type": "code",
   "execution_count": 24,
   "metadata": {
    "ExecuteTime": {
     "end_time": "2020-12-01T12:56:57.840578Z",
     "start_time": "2020-12-01T12:56:55.299444Z"
    },
    "scrolled": true
   },
   "outputs": [
    {
     "name": "stdout",
     "output_type": "stream",
     "text": [
      "[[ 9.39696e-01  3.42011e-01  0.00000e+00  0.00000e+00]\n",
      " [-3.42011e-01  9.39696e-01  0.00000e+00  0.00000e+00]\n",
      " [ 0.00000e+00  0.00000e+00  1.00000e+00  0.00000e+00]\n",
      " [ 3.29424e+03  4.04400e+03 -1.23978e-05  1.00000e+00]]\n",
      "[[ 9.48357e-01  3.17206e-01  0.00000e+00  0.00000e+00]\n",
      " [-3.17206e-01  9.48357e-01  0.00000e+00  0.00000e+00]\n",
      " [ 0.00000e+00  0.00000e+00  1.00000e+00  0.00000e+00]\n",
      " [ 2.94487e+03  3.28322e+03 -1.52588e-05  1.00000e+00]]\n",
      "[[ 9.61720e-01  2.74033e-01  0.00000e+00  0.00000e+00]\n",
      " [-2.74033e-01  9.61720e-01  0.00000e+00  0.00000e+00]\n",
      " [ 0.00000e+00  0.00000e+00  1.00000e+00  0.00000e+00]\n",
      " [ 3.10751e+03  2.84669e+03 -1.71661e-05  1.00000e+00]]\n",
      "[[ 9.75896e-01  2.18236e-01  0.00000e+00  0.00000e+00]\n",
      " [-2.18236e-01  9.75896e-01  0.00000e+00  0.00000e+00]\n",
      " [ 0.00000e+00  0.00000e+00  1.00000e+00  0.00000e+00]\n",
      " [ 2.20357e+03  3.04979e+03  1.90735e-06  1.00000e+00]]\n",
      "[[ 9.78280e-01  2.07290e-01  0.00000e+00  0.00000e+00]\n",
      " [-2.07290e-01  9.78280e-01  0.00000e+00  0.00000e+00]\n",
      " [ 0.00000e+00  0.00000e+00  1.00000e+00  0.00000e+00]\n",
      " [ 2.58779e+03  2.05610e+03  9.53674e-06  1.00000e+00]]\n",
      "[[ 9.83241e-01 -1.82312e-01  0.00000e+00  0.00000e+00]\n",
      " [ 1.82312e-01  9.83241e-01  0.00000e+00  0.00000e+00]\n",
      " [ 0.00000e+00  0.00000e+00  1.00000e+00  0.00000e+00]\n",
      " [ 4.58828e+02  2.69423e+03  5.72205e-06  1.00000e+00]]\n",
      "[[1.00000e+00 0.00000e+00 0.00000e+00 0.00000e+00]\n",
      " [0.00000e+00 1.00000e+00 0.00000e+00 0.00000e+00]\n",
      " [0.00000e+00 0.00000e+00 1.00000e+00 0.00000e+00]\n",
      " [1.49665e+03 1.01017e+03 7.62939e-06 1.00000e+00]]\n",
      "[[ 9.74641e-01  2.23775e-01  0.00000e+00  0.00000e+00]\n",
      " [-2.23775e-01  9.74641e-01  0.00000e+00  0.00000e+00]\n",
      " [ 0.00000e+00  0.00000e+00  1.00000e+00  0.00000e+00]\n",
      " [ 2.08601e+03  1.50259e+01 -1.52588e-05  1.00000e+00]]\n",
      "[[ 9.65454e-01  2.60575e-01  0.00000e+00  0.00000e+00]\n",
      " [-2.60575e-01  9.65454e-01  0.00000e+00  0.00000e+00]\n",
      " [ 0.00000e+00  0.00000e+00  1.00000e+00  0.00000e+00]\n",
      " [ 2.24770e+03  1.40290e+02 -1.14441e-05  1.00000e+00]]\n",
      "[[ 9.57007e-01  2.90065e-01  0.00000e+00  0.00000e+00]\n",
      " [-2.90065e-01  9.57007e-01  0.00000e+00  0.00000e+00]\n",
      " [ 0.00000e+00  0.00000e+00  1.00000e+00  0.00000e+00]\n",
      " [ 2.28014e+03  1.62377e+02  7.62940e-06  1.00000e+00]]\n",
      "[[ 9.25650e-01  3.78382e-01  0.00000e+00  0.00000e+00]\n",
      " [-3.78382e-01  9.25650e-01  0.00000e+00  0.00000e+00]\n",
      " [ 0.00000e+00  0.00000e+00  1.00000e+00  0.00000e+00]\n",
      " [ 2.51458e+03  1.81223e+02 -1.14441e-05  1.00000e+00]]\n",
      "[[ 9.32681e-01  3.60702e-01  0.00000e+00  0.00000e+00]\n",
      " [-3.60702e-01  9.32681e-01  0.00000e+00  0.00000e+00]\n",
      " [ 0.00000e+00  0.00000e+00  1.00000e+00  0.00000e+00]\n",
      " [ 2.34149e+03 -4.73512e+02  7.62939e-06  1.00000e+00]]\n",
      "[[ 9.67501e-01  2.52867e-01  0.00000e+00  0.00000e+00]\n",
      " [-2.52867e-01  9.67501e-01  0.00000e+00  0.00000e+00]\n",
      " [ 0.00000e+00  0.00000e+00  1.00000e+00  0.00000e+00]\n",
      " [ 1.76079e+03 -1.36793e+02 -3.18323e-12  1.00000e+00]]\n",
      "[[ 8.51979e-01  5.23577e-01  0.00000e+00  0.00000e+00]\n",
      " [-5.23577e-01  8.51979e-01  0.00000e+00  0.00000e+00]\n",
      " [ 0.00000e+00  0.00000e+00  9.99999e-01  0.00000e+00]\n",
      " [ 3.18157e+03 -4.28376e+02  3.81468e-06  1.00000e+00]]\n",
      "[[ 9.95665e-01  9.30020e-02  0.00000e+00  0.00000e+00]\n",
      " [-9.30020e-02  9.95665e-01  0.00000e+00  0.00000e+00]\n",
      " [ 0.00000e+00  0.00000e+00  9.99999e-01  0.00000e+00]\n",
      " [ 9.24466e+02  5.16437e+02  7.27596e-12  1.00000e+00]]\n",
      "[[ 9.99996e-01 -2.66590e-03  0.00000e+00  0.00000e+00]\n",
      " [ 2.66590e-03  9.99996e-01  0.00000e+00  0.00000e+00]\n",
      " [ 0.00000e+00  0.00000e+00  1.00000e+00  0.00000e+00]\n",
      " [-1.02629e+02  1.48027e+02  0.00000e+00  1.00000e+00]]\n",
      "[[ 9.71755e-01  2.35992e-01  0.00000e+00  0.00000e+00]\n",
      " [-2.35992e-01  9.71755e-01  0.00000e+00  0.00000e+00]\n",
      " [ 0.00000e+00  0.00000e+00  9.99999e-01  0.00000e+00]\n",
      " [ 1.51647e+03 -6.79933e+02  4.54747e-12  1.00000e+00]]\n",
      "[[ 9.33383e-01  3.58882e-01  0.00000e+00  0.00000e+00]\n",
      " [-3.58882e-01  9.33383e-01  0.00000e+00  0.00000e+00]\n",
      " [ 0.00000e+00  0.00000e+00  9.99999e-01  0.00000e+00]\n",
      " [ 2.45121e+03 -1.25104e+03 -2.38419e-06  1.00000e+00]]\n",
      "[[ 9.94782e-01  8.64492e-02 -5.41534e-02  0.00000e+00]\n",
      " [-8.66692e-02  9.96235e-01 -1.72004e-03  0.00000e+00]\n",
      " [ 5.38008e-02  6.40450e-03  9.98530e-01  0.00000e+00]\n",
      " [ 8.16782e+02 -6.54095e+02  1.81308e+02  1.00000e+00]]\n",
      "[[ 9.74534e-01  1.96114e-01 -1.08728e-01  0.00000e+00]\n",
      " [-1.97520e-01  9.80296e-01 -2.21031e-03  0.00000e+00]\n",
      " [ 1.06152e-01  2.36299e-02  9.94067e-01  0.00000e+00]\n",
      " [ 1.75999e+03 -9.89428e+02  3.53523e+02  1.00000e+00]]\n",
      "[[ 8.37333e-01  5.46693e-01  0.00000e+00  0.00000e+00]\n",
      " [-5.46693e-01  8.37333e-01  0.00000e+00  0.00000e+00]\n",
      " [ 0.00000e+00  0.00000e+00  1.00000e+00  0.00000e+00]\n",
      " [ 3.75505e+03 -1.63093e+03  1.52588e-05  1.00000e+00]]\n",
      "[[ 9.95291e-01  9.69323e-02  0.00000e+00  0.00000e+00]\n",
      " [-9.69323e-02  9.95291e-01  0.00000e+00  0.00000e+00]\n",
      " [ 0.00000e+00  0.00000e+00  9.99999e-01  0.00000e+00]\n",
      " [ 8.76196e+02 -4.84345e+02 -4.95911e-05  1.00000e+00]]\n",
      "[[ 1.00000e+00  0.00000e+00  0.00000e+00  0.00000e+00]\n",
      " [ 0.00000e+00  1.00000e+00  0.00000e+00  0.00000e+00]\n",
      " [ 0.00000e+00  0.00000e+00  1.00000e+00  0.00000e+00]\n",
      " [-4.57380e+02 -3.09761e+02  3.05176e-05  1.00000e+00]]\n",
      "[[ 9.28141e-01  3.72227e-01  0.00000e+00  0.00000e+00]\n",
      " [-3.72227e-01  9.28141e-01  0.00000e+00  0.00000e+00]\n",
      " [ 0.00000e+00  0.00000e+00  1.00000e+00  0.00000e+00]\n",
      " [ 2.70459e+03 -1.86740e+03 -6.10351e-05  1.00000e+00]]\n",
      "[[ 9.52283e-01  3.05216e-01  0.00000e+00  0.00000e+00]\n",
      " [-3.05216e-01  9.52283e-01  0.00000e+00  0.00000e+00]\n",
      " [ 0.00000e+00  0.00000e+00  1.00000e+00  0.00000e+00]\n",
      " [ 1.92133e+03 -1.72545e+03 -2.67029e-05  1.00000e+00]]\n",
      "[[ 9.73035e-01  2.30658e-01  0.00000e+00  0.00000e+00]\n",
      " [-2.30658e-01  9.73035e-01  0.00000e+00  0.00000e+00]\n",
      " [ 0.00000e+00  0.00000e+00  1.00000e+00  0.00000e+00]\n",
      " [ 1.44086e+03 -1.58939e+03 -3.81470e-06  1.00000e+00]]\n",
      "[[ 9.84094e-01  1.77648e-01  0.00000e+00  0.00000e+00]\n",
      " [-1.77648e-01  9.84094e-01  0.00000e+00  0.00000e+00]\n",
      " [ 0.00000e+00  0.00000e+00  1.00000e+00  0.00000e+00]\n",
      " [ 1.01421e+03 -1.33659e+03 -7.62939e-06  1.00000e+00]]\n",
      "(5179.3798828125, 6277.22705078125, 1050.0850830078125, 2049.696044921875, 5.578510761260986, 55.89760208129883)\n",
      "[[ 9.57163e-01  2.89551e-01  0.00000e+00  0.00000e+00]\n",
      " [-2.89551e-01  9.57163e-01  0.00000e+00  0.00000e+00]\n",
      " [ 0.00000e+00  0.00000e+00  1.00000e+00  0.00000e+00]\n",
      " [ 2.29927e+03 -2.56155e+03 -1.52588e-05  1.00000e+00]]\n",
      "(4498.166015625, 5608.8203125, 1826.0789794921875, 2951.783935546875, 2.2457094192504883, 54.142398834228516)\n",
      "[[ 9.91219e-01  1.32235e-01  0.00000e+00  0.00000e+00]\n",
      " [-1.32235e-01  9.91219e-01  0.00000e+00  0.00000e+00]\n",
      " [ 0.00000e+00  0.00000e+00  1.00000e+00  0.00000e+00]\n",
      " [ 7.76052e+02 -1.88286e+03  7.62939e-06  1.00000e+00]]\n",
      "(5182.5048828125, 6281.5380859375, 1628.2044677734375, 2646.866943359375, 2.434999465942383, 54.80730056762695)\n",
      "[[ 9.78792e-01  2.04858e-01  0.00000e+00  0.00000e+00]\n",
      " [-2.04858e-01  9.78792e-01  0.00000e+00  0.00000e+00]\n",
      " [ 0.00000e+00  0.00000e+00  1.00000e+00  0.00000e+00]\n",
      " [ 1.30021e+03 -2.01408e+03 -4.54747e-13  1.00000e+00]]\n",
      "(5135.06005859375, 6240.2060546875, 1699.9801025390625, 2839.175048828125, 3.286129951477051, 52.39759826660156)\n",
      "[[ 9.60837e-01  2.77116e-01  0.00000e+00  0.00000e+00]\n",
      " [-2.77116e-01  9.60837e-01  0.00000e+00  0.00000e+00]\n",
      " [ 0.00000e+00  0.00000e+00  1.00000e+00  0.00000e+00]\n",
      " [ 1.31706e+03 -2.31695e+03  0.00000e+00  1.00000e+00]]\n",
      "(5232.587890625, 6354.16748046875, 1500.7691650390625, 2678.61376953125, 5.461009502410889, 56.344200134277344)\n",
      "[[ 9.90310e-01  1.38871e-01  0.00000e+00  0.00000e+00]\n",
      " [-1.38871e-01  9.90310e-01  0.00000e+00  0.00000e+00]\n",
      " [ 0.00000e+00  0.00000e+00  1.00000e+00  0.00000e+00]\n",
      " [-5.65576e+01 -1.87398e+03  7.62939e-06  1.00000e+00]]\n",
      "(6233.46337890625, 7425.99462890625, 1787.5894775390625, 3011.87451171875, 4.2880401611328125, 55.774898529052734)\n",
      "[[ 9.73711e-01  2.27787e-01  0.00000e+00  0.00000e+00]\n",
      " [-2.27787e-01  9.73711e-01  0.00000e+00  0.00000e+00]\n",
      " [ 0.00000e+00  0.00000e+00  1.00000e+00  0.00000e+00]\n",
      " [ 8.17249e+02 -2.06094e+03 -7.62939e-06  1.00000e+00]]\n",
      "(5526.99853515625, 6643.00732421875, 1518.2960205078125, 2688.24462890625, 2.8925890922546387, 54.8765983581543)\n",
      "[[ 9.66330e-01  2.57307e-01  0.00000e+00  0.00000e+00]\n",
      " [-2.57307e-01  9.66330e-01  0.00000e+00  0.00000e+00]\n",
      " [ 0.00000e+00  0.00000e+00  9.99999e-01  0.00000e+00]\n",
      " [ 1.18564e+03 -2.84225e+03  7.62939e-06  1.00000e+00]]\n",
      "(5499.10205078125, 6611.54345703125, 2213.446044921875, 3304.349609375, 3.723170518875122, 57.50490188598633)\n",
      "[[ 9.43340e-01  3.31826e-01  0.00000e+00  0.00000e+00]\n",
      " [-3.31826e-01  9.43340e-01  0.00000e+00  0.00000e+00]\n",
      " [ 0.00000e+00  0.00000e+00  1.00000e+00  0.00000e+00]\n",
      " [ 2.21793e+03 -2.95898e+03  0.00000e+00  1.00000e+00]]\n"
     ]
    },
    {
     "name": "stdout",
     "output_type": "stream",
     "text": [
      "(4698.8994140625, 5870.12060546875, 2222.39599609375, 3452.180908203125, 6.5553202629089355, 57.24580001831055)\n",
      "[[ 9.90587e-01  1.36882e-01  0.00000e+00  0.00000e+00]\n",
      " [-1.36882e-01  9.90587e-01  0.00000e+00  0.00000e+00]\n",
      " [ 0.00000e+00  0.00000e+00  1.00000e+00  0.00000e+00]\n",
      " [ 9.22656e+01 -2.40448e+03 -7.62939e-06  1.00000e+00]]\n",
      "(6016.01123046875, 7165.0546875, 2410.7919921875, 3616.148193359375, 4.569579601287842, 57.13330078125)\n",
      "[[ 9.29311e-01  3.69297e-01  0.00000e+00  0.00000e+00]\n",
      " [-3.69297e-01  9.29311e-01  0.00000e+00  0.00000e+00]\n",
      " [ 0.00000e+00  0.00000e+00  1.00000e+00  0.00000e+00]\n",
      " [ 1.69948e+03 -3.03688e+03  7.62939e-06  1.00000e+00]]\n",
      "(5196.60791015625, 6298.19384765625, 2009.8179931640625, 3116.00146484375, 3.897589921951294, 54.630699157714844)\n",
      "[[ 9.92698e-01  1.20628e-01  0.00000e+00  0.00000e+00]\n",
      " [-1.20628e-01  9.92698e-01  0.00000e+00  0.00000e+00]\n",
      " [ 0.00000e+00  0.00000e+00  1.00000e+00  0.00000e+00]\n",
      " [-2.30884e+01 -2.25836e+03 -7.62939e-06  1.00000e+00]]\n",
      "(5968.72998046875, 7125.5625, 2456.346435546875, 3632.751953125, 3.4602394104003906, 47.42620086669922)\n",
      "[[ 9.98006e-01  6.31151e-02  0.00000e+00  0.00000e+00]\n",
      " [-6.31151e-02  9.98006e-01  0.00000e+00  0.00000e+00]\n",
      " [ 0.00000e+00  0.00000e+00  1.00000e+00  0.00000e+00]\n",
      " [-1.08901e+03 -1.92435e+03  1.52588e-05  1.00000e+00]]\n",
      "(6764.474609375, 7903.0380859375, 2476.8720703125, 3616.386474609375, 2.3313405513763428, 54.53820037841797)\n",
      "[[ 9.97987e-01  6.34124e-02  0.00000e+00  0.00000e+00]\n",
      " [-6.34124e-02  9.97987e-01  0.00000e+00  0.00000e+00]\n",
      " [ 0.00000e+00  0.00000e+00  1.00000e+00  0.00000e+00]\n",
      " [-1.00007e+03 -2.04264e+03 -7.62939e-06  1.00000e+00]]\n",
      "(6609.8525390625, 7830.13330078125, 2516.13525390625, 3751.220458984375, 4.251699924468994, 57.93259811401367)\n",
      "[[ 9.65093e-01  2.61907e-01  0.00000e+00  0.00000e+00]\n",
      " [-2.61907e-01  9.65093e-01  0.00000e+00  0.00000e+00]\n",
      " [ 0.00000e+00  0.00000e+00  1.00000e+00  0.00000e+00]\n",
      " [ 6.83272e+02 -2.67252e+03  2.27374e-12  1.00000e+00]]\n",
      "(5623.33544921875, 6782.98388671875, 2222.574951171875, 3381.985595703125, 1.3775795698165894, 55.04100036621094)\n",
      "[[ 9.80501e-01  1.96513e-01  0.00000e+00  0.00000e+00]\n",
      " [-1.96513e-01  9.80501e-01  0.00000e+00  0.00000e+00]\n",
      " [ 0.00000e+00  0.00000e+00  1.00000e+00  0.00000e+00]\n",
      " [ 2.17686e+02 -2.49450e+03 -7.62939e-06  1.00000e+00]]\n",
      "(5747.17236328125, 6890.32470703125, 2281.5908203125, 3422.944580078125, 2.505040407180786, 53.71440124511719)\n",
      "[[ 9.82214e-01  1.87759e-01  0.00000e+00  0.00000e+00]\n",
      " [-1.87759e-01  9.82214e-01  0.00000e+00  0.00000e+00]\n",
      " [ 0.00000e+00  0.00000e+00  9.99999e-01  0.00000e+00]\n",
      " [ 2.15291e+02 -3.18818e+03  7.62939e-06  1.00000e+00]]\n",
      "(5906.42333984375, 7012.75390625, 3140.52783203125, 4249.11767578125, 2.192430019378662, 52.3406982421875)\n",
      "[[ 9.98701e-01 -5.09607e-02  0.00000e+00  0.00000e+00]\n",
      " [ 5.09607e-02  9.98701e-01  0.00000e+00  0.00000e+00]\n",
      " [ 0.00000e+00  0.00000e+00  1.00000e+00  0.00000e+00]\n",
      " [-1.70375e+03 -1.34300e+03  7.62939e-06  1.00000e+00]]\n",
      "(6809.21435546875, 7967.0126953125, 2748.731689453125, 3914.02734375, 3.636549949645996, 58.542301177978516)\n",
      "[[ 9.99803e-01  1.98344e-02  0.00000e+00  0.00000e+00]\n",
      " [-1.98344e-02  9.99803e-01  0.00000e+00  0.00000e+00]\n",
      " [ 0.00000e+00  0.00000e+00  1.00000e+00  0.00000e+00]\n",
      " [-1.28910e+03 -1.62041e+03  7.62939e-06  1.00000e+00]]\n",
      "(6503.61181640625, 7712.9150390625, 2612.336669921875, 3825.224365234375, 3.03446102142334, 55.86000061035156)\n",
      "[[ 9.98166e-01  6.05348e-02  0.00000e+00  0.00000e+00]\n",
      " [-6.05348e-02  9.98166e-01  0.00000e+00  0.00000e+00]\n",
      " [ 0.00000e+00  0.00000e+00  1.00000e+00  0.00000e+00]\n",
      " [-1.14721e+03 -2.68997e+03  0.00000e+00  1.00000e+00]]\n",
      "(6553.8583984375, 7698.28564453125, 3373.77197265625, 4516.57373046875, -9.536739753457368e-07, 50.549598693847656)\n",
      "[[ 9.98425e-01  5.61110e-02  0.00000e+00  0.00000e+00]\n",
      " [-5.61110e-02  9.98425e-01  0.00000e+00  0.00000e+00]\n",
      " [ 0.00000e+00  0.00000e+00  1.00000e+00  0.00000e+00]\n",
      " [-9.21052e+02 -2.04661e+03  7.62939e-06  1.00000e+00]]\n",
      "(6209.54345703125, 7372.853515625, 2773.33203125, 3937.373291015625, 3.1998391151428223, 47.47570037841797)\n",
      "[[ 9.85968e-01  1.66936e-01  0.00000e+00  0.00000e+00]\n",
      " [-1.66936e-01  9.85968e-01  0.00000e+00  0.00000e+00]\n",
      " [ 0.00000e+00  0.00000e+00  1.00000e+00  0.00000e+00]\n",
      " [ 1.75627e+02 -3.16222e+03  7.62939e-06  1.00000e+00]]\n",
      "(5592.291015625, 6803.72119140625, 3382.76953125, 4587.81396484375, 4.374589920043945, 71.52249908447266)\n",
      "[[ 9.96066e-01 -8.86137e-02  0.00000e+00  0.00000e+00]\n",
      " [ 8.86137e-02  9.96066e-01  0.00000e+00  0.00000e+00]\n",
      " [ 0.00000e+00  0.00000e+00  9.99999e-01  0.00000e+00]\n",
      " [-2.47388e+03 -1.09804e+03  7.62939e-06  1.00000e+00]]\n",
      "(7072.4443359375, 8332.0283203125, 2951.51123046875, 4210.05615234375, 3.221950054168701, 51.397499084472656)\n",
      "[[ 9.88816e-01  1.49139e-01  0.00000e+00  0.00000e+00]\n",
      " [-1.49139e-01  9.88816e-01  0.00000e+00  0.00000e+00]\n",
      " [ 0.00000e+00  0.00000e+00  1.00000e+00  0.00000e+00]\n",
      " [-4.57505e+01 -3.04110e+03  1.81899e-12  1.00000e+00]]\n",
      "(5558.43017578125, 6767.232421875, 3394.0947265625, 4606.9736328125, 5.762499809265137, 59.58789825439453)\n",
      "[[ 9.98972e-01  4.53289e-02  0.00000e+00  0.00000e+00]\n",
      " [-4.53289e-02  9.98972e-01  0.00000e+00  0.00000e+00]\n",
      " [ 0.00000e+00  0.00000e+00  1.00000e+00  0.00000e+00]\n",
      " [-1.06296e+03 -2.60273e+03 -7.62939e-06  1.00000e+00]]\n",
      "(6136.79736328125, 7257.1728515625, 3520.322265625, 4642.06982421875, 0.6482754945755005, 55.25080108642578)\n",
      "[[ 9.98958e-01  4.56457e-02  0.00000e+00  0.00000e+00]\n",
      " [-4.56457e-02  9.98958e-01  0.00000e+00  0.00000e+00]\n",
      " [ 0.00000e+00  0.00000e+00  1.00000e+00  0.00000e+00]\n",
      " [-9.60807e+02 -2.58020e+03  0.00000e+00  1.00000e+00]]\n",
      "(6136.79736328125, 7257.1728515625, 3520.322265625, 4642.06982421875, 0.6482754945755005, 55.25080108642578)\n",
      "[[ 9.31558e-01  3.63592e-01  0.00000e+00  0.00000e+00]\n",
      " [-3.63592e-01  9.31558e-01  0.00000e+00  0.00000e+00]\n",
      " [ 0.00000e+00  0.00000e+00  1.00000e+00  0.00000e+00]\n",
      " [ 1.70829e+03 -3.65093e+03 -1.36424e-12  1.00000e+00]]\n",
      "(4867.35205078125, 5999.88916015625, 3147.394287109375, 4269.51513671875, 4.7327399253845215, 53.09130096435547)\n",
      "[[ 9.95753e-01  9.20685e-02  0.00000e+00  0.00000e+00]\n",
      " [-9.20685e-02  9.95753e-01  0.00000e+00  0.00000e+00]\n",
      " [ 0.00000e+00  0.00000e+00  1.00000e+00  0.00000e+00]\n",
      " [-3.31687e+02 -2.76230e+03 -7.62939e-06  1.00000e+00]]\n",
      "(5331.103515625, 6545.849609375, 3719.684326171875, 4942.48095703125, 2.0427215099334717, 51.70000076293945)\n",
      "[[ 9.99997e-01 -2.49382e-03  0.00000e+00  0.00000e+00]\n",
      " [ 2.49382e-03  9.99997e-01  0.00000e+00  0.00000e+00]\n",
      " [ 0.00000e+00  0.00000e+00  1.00000e+00  0.00000e+00]\n",
      " [-1.31490e+03 -2.37582e+03  7.62939e-06  1.00000e+00]]\n",
      "(5917.05322265625, 7102.82275390625, 3723.59033203125, 4914.06201171875, 1.0812100172042847, 54.97200012207031)\n",
      "[[ 1.00000e+00  0.00000e+00  0.00000e+00  0.00000e+00]\n",
      " [ 0.00000e+00  1.00000e+00  0.00000e+00  0.00000e+00]\n",
      " [ 0.00000e+00  0.00000e+00  1.00000e+00  0.00000e+00]\n",
      " [-1.37503e+03 -2.35493e+03  0.00000e+00  1.00000e+00]]\n",
      "(6094.89404296875, 7239.25244140625, 3876.351318359375, 5012.587890625, 2.285290479660034, 49.1140022277832)\n",
      "[[ 9.96044e-01  8.88632e-02  0.00000e+00  0.00000e+00]\n",
      " [-8.88632e-02  9.96044e-01  0.00000e+00  0.00000e+00]\n",
      " [ 0.00000e+00  0.00000e+00  1.00000e+00  0.00000e+00]\n",
      " [-4.66567e+02 -2.79500e+03 -1.52588e-05  1.00000e+00]]\n",
      "(5461.30419921875, 6609.8759765625, 3821.935546875, 4983.95361328125, 3.791390895843506, 55.5364990234375)\n",
      "[[ 9.96654e-01  8.17373e-02  0.00000e+00  0.00000e+00]\n",
      " [-8.17373e-02  9.96654e-01  0.00000e+00  0.00000e+00]\n",
      " [ 0.00000e+00  0.00000e+00  1.00000e+00  0.00000e+00]\n",
      " [-5.71199e+02 -2.42979e+03  0.00000e+00  1.00000e+00]]\n",
      "(5404.50048828125, 6572.8603515625, 3519.59765625, 4682.3798828125, 6.162230491638184, 48.97410202026367)\n",
      "[[ 9.96750e-01  8.05609e-02  0.00000e+00  0.00000e+00]\n",
      " [-8.05609e-02  9.96750e-01  0.00000e+00  0.00000e+00]\n",
      " [ 0.00000e+00  0.00000e+00  1.00000e+00  0.00000e+00]\n",
      " [-1.32496e+03 -2.80612e+03  7.62939e-06  1.00000e+00]]\n",
      "(6189.44580078125, 7309.28759765625, 3597.735107421875, 4728.47509765625, 4.065670967102051, 60.76580047607422)\n",
      "[[ 9.96024e-01  8.90833e-02  0.00000e+00  0.00000e+00]\n",
      " [-8.90833e-02  9.96024e-01  0.00000e+00  0.00000e+00]\n",
      " [ 0.00000e+00  0.00000e+00  9.99999e-01  0.00000e+00]\n",
      " [-2.77758e+02 -2.76372e+03  7.62939e-06  1.00000e+00]]\n",
      "(5214.11962890625, 6352.39013671875, 3671.111328125, 4796.3291015625, 5.967949390411377, 49.19089889526367)\n",
      "[[ 9.92502e-01  1.22228e-01  0.00000e+00  0.00000e+00]\n",
      " [-1.22228e-01  9.92502e-01  0.00000e+00  0.00000e+00]\n",
      " [ 0.00000e+00  0.00000e+00  1.00000e+00  0.00000e+00]\n",
      " [-6.31845e+02 -3.06996e+03  7.62939e-06  1.00000e+00]]\n",
      "(5697.439453125, 6808.904296875, 3719.54345703125, 4685.43310546875, 4.80271053314209, 56.85329818725586)\n",
      "[[ 9.98123e-01  6.12392e-02  0.00000e+00  0.00000e+00]\n",
      " [-6.12392e-02  9.98123e-01  0.00000e+00  0.00000e+00]\n",
      " [ 0.00000e+00  0.00000e+00  1.00000e+00  0.00000e+00]\n",
      " [-1.33489e+03 -2.70459e+03 -7.62939e-06  1.00000e+00]]\n",
      "(6327.00341796875, 7149.5322265625, 3893.421630859375, 4344.23583984375, 5.3483099937438965, 54.012298583984375)\n",
      "[[ 9.95067e-01  9.92077e-02  0.00000e+00  0.00000e+00]\n",
      " [-9.92077e-02  9.95067e-01  0.00000e+00  0.00000e+00]\n",
      " [ 0.00000e+00  0.00000e+00  1.00000e+00  0.00000e+00]\n",
      " [-8.94524e+02 -3.00217e+03  7.62939e-06  1.00000e+00]]\n",
      "[[ 9.96863e-01 -7.91508e-02  0.00000e+00  0.00000e+00]\n",
      " [ 7.91508e-02  9.96863e-01  0.00000e+00  0.00000e+00]\n",
      " [ 0.00000e+00  0.00000e+00  1.00000e+00  0.00000e+00]\n",
      " [-3.28304e+03 -1.72898e+03 -7.62939e-06  1.00000e+00]]\n",
      "[[ 9.66494e-01  2.56689e-01  0.00000e+00  0.00000e+00]\n",
      " [-2.56689e-01  9.66494e-01  0.00000e+00  0.00000e+00]\n",
      " [ 0.00000e+00  0.00000e+00  1.00000e+00  0.00000e+00]\n"
     ]
    },
    {
     "name": "stdout",
     "output_type": "stream",
     "text": [
      " [ 9.21189e+02 -3.53308e+03 -1.52588e-05  1.00000e+00]]\n",
      "[[ 9.93721e-01  1.11886e-01  0.00000e+00  0.00000e+00]\n",
      " [-1.11886e-01  9.93721e-01  0.00000e+00  0.00000e+00]\n",
      " [ 0.00000e+00  0.00000e+00  1.00000e+00  0.00000e+00]\n",
      " [-5.39881e+02 -2.93540e+03 -7.62939e-06  1.00000e+00]]\n",
      "[[ 1.00000e+00  0.00000e+00  0.00000e+00  0.00000e+00]\n",
      " [ 0.00000e+00  1.00000e+00  0.00000e+00  0.00000e+00]\n",
      " [ 0.00000e+00  0.00000e+00  1.00000e+00  0.00000e+00]\n",
      " [-1.79735e+03 -2.36016e+03  0.00000e+00  1.00000e+00]]\n",
      "[[ 9.93895e-01  1.10326e-01  0.00000e+00  0.00000e+00]\n",
      " [-1.10326e-01  9.93895e-01  0.00000e+00  0.00000e+00]\n",
      " [ 0.00000e+00  0.00000e+00  1.00000e+00  0.00000e+00]\n",
      " [-6.49537e+02 -2.81999e+03  7.62939e-06  1.00000e+00]]\n",
      "[[ 9.77526e-01  2.10813e-01  0.00000e+00  0.00000e+00]\n",
      " [-2.10813e-01  9.77526e-01  0.00000e+00  0.00000e+00]\n",
      " [ 0.00000e+00  0.00000e+00  1.00000e+00  0.00000e+00]\n",
      " [-7.08081e+01 -3.89406e+03  0.00000e+00  1.00000e+00]]\n",
      "[[ 9.90801e-01  1.35329e-01  0.00000e+00  0.00000e+00]\n",
      " [-1.35329e-01  9.90801e-01  0.00000e+00  0.00000e+00]\n",
      " [ 0.00000e+00  0.00000e+00  1.00000e+00  0.00000e+00]\n",
      " [-2.52081e+02 -3.01690e+03  0.00000e+00  1.00000e+00]]\n",
      "[[ 9.79935e-01  1.99317e-01  0.00000e+00  0.00000e+00]\n",
      " [-1.99317e-01  9.79935e-01  0.00000e+00  0.00000e+00]\n",
      " [ 0.00000e+00  0.00000e+00  1.00000e+00  0.00000e+00]\n",
      " [ 4.43652e+02 -3.68205e+03 -7.62939e-06  1.00000e+00]]\n",
      "[[ 9.76286e-01  2.16487e-01  0.00000e+00  0.00000e+00]\n",
      " [-2.16487e-01  9.76286e-01  0.00000e+00  0.00000e+00]\n",
      " [ 0.00000e+00  0.00000e+00  1.00000e+00  0.00000e+00]\n",
      " [ 9.49512e+00 -3.50661e+03 -1.52588e-05  1.00000e+00]]\n",
      "[[ 9.85619e-01  1.68982e-01  0.00000e+00  0.00000e+00]\n",
      " [-1.68982e-01  9.85619e-01  0.00000e+00  0.00000e+00]\n",
      " [ 0.00000e+00  0.00000e+00  1.00000e+00  0.00000e+00]\n",
      " [-3.91357e+01 -3.19043e+03  0.00000e+00  1.00000e+00]]\n",
      "[[ 9.94631e-01  1.03482e-01  0.00000e+00  0.00000e+00]\n",
      " [-1.03482e-01  9.94631e-01  0.00000e+00  0.00000e+00]\n",
      " [ 0.00000e+00  0.00000e+00  1.00000e+00  0.00000e+00]\n",
      " [-7.61386e+02 -3.05092e+03 -7.62939e-06  1.00000e+00]]\n",
      "[[ 9.95618e-01  9.35077e-02  0.00000e+00  0.00000e+00]\n",
      " [-9.35077e-02  9.95618e-01  0.00000e+00  0.00000e+00]\n",
      " [ 0.00000e+00  0.00000e+00  9.99999e-01  0.00000e+00]\n",
      " [-1.44933e+03 -3.11001e+03  7.62939e-06  1.00000e+00]]\n",
      "[[ 9.98859e-01  4.77619e-02  0.00000e+00  0.00000e+00]\n",
      " [-4.77619e-02  9.98859e-01  0.00000e+00  0.00000e+00]\n",
      " [ 0.00000e+00  0.00000e+00  1.00000e+00  0.00000e+00]\n",
      " [-1.22818e+03 -2.72397e+03  0.00000e+00  1.00000e+00]]\n",
      "[[ 9.93625e-01  1.12737e-01  0.00000e+00  0.00000e+00]\n",
      " [-1.12737e-01  9.93625e-01  0.00000e+00  0.00000e+00]\n",
      " [ 0.00000e+00  0.00000e+00  1.00000e+00  0.00000e+00]\n",
      " [-5.12961e+02 -3.22187e+03  7.62939e-06  1.00000e+00]]\n",
      "[[ 9.98494e-01  5.48529e-02  0.00000e+00  0.00000e+00]\n",
      " [-5.48529e-02  9.98494e-01  0.00000e+00  0.00000e+00]\n",
      " [ 0.00000e+00  0.00000e+00  1.00000e+00  0.00000e+00]\n",
      " [-1.13069e+03 -2.55031e+03  7.62939e-06  1.00000e+00]]\n",
      "[[ 9.95614e-01  9.35615e-02  0.00000e+00  0.00000e+00]\n",
      " [-9.35615e-02  9.95614e-01  0.00000e+00  0.00000e+00]\n",
      " [ 0.00000e+00  0.00000e+00  1.00000e+00  0.00000e+00]\n",
      " [-8.11468e+02 -2.76980e+03 -2.28882e-05  1.00000e+00]]\n",
      "[[ 9.92673e-01  1.20834e-01  0.00000e+00  0.00000e+00]\n",
      " [-1.20834e-01  9.92673e-01  0.00000e+00  0.00000e+00]\n",
      " [ 0.00000e+00  0.00000e+00  1.00000e+00  0.00000e+00]\n",
      " [-1.04205e+03 -3.26467e+03  0.00000e+00  1.00000e+00]]\n",
      "[[ 9.94148e-01  1.08021e-01  0.00000e+00  0.00000e+00]\n",
      " [-1.08021e-01  9.94148e-01  0.00000e+00  0.00000e+00]\n",
      " [ 0.00000e+00  0.00000e+00  1.00000e+00  0.00000e+00]\n",
      " [-6.58272e+02 -2.69262e+03  7.62939e-06  1.00000e+00]]\n",
      "[[ 9.99686e-01  2.50462e-02  0.00000e+00  0.00000e+00]\n",
      " [-2.50462e-02  9.99686e-01  0.00000e+00  0.00000e+00]\n",
      " [ 0.00000e+00  0.00000e+00  1.00000e+00  0.00000e+00]\n",
      " [-1.51528e+03 -2.36659e+03  9.09495e-13  1.00000e+00]]\n",
      "[[ 9.93081e-01  1.17432e-01  0.00000e+00  0.00000e+00]\n",
      " [-1.17432e-01  9.93081e-01  0.00000e+00  0.00000e+00]\n",
      " [ 0.00000e+00  0.00000e+00  1.00000e+00  0.00000e+00]\n",
      " [-1.11830e+03 -3.36291e+03 -7.62939e-06  1.00000e+00]]\n",
      "[[ 9.81331e-01  1.92330e-01  0.00000e+00  0.00000e+00]\n",
      " [-1.92330e-01  9.81331e-01  0.00000e+00  0.00000e+00]\n",
      " [ 0.00000e+00  0.00000e+00  1.00000e+00  0.00000e+00]\n",
      " [-2.59883e+02 -3.91346e+03 -7.62939e-06  1.00000e+00]]\n",
      "[[ 9.95900e-01  9.04577e-02  0.00000e+00  0.00000e+00]\n",
      " [-9.04577e-02  9.95900e-01  0.00000e+00  0.00000e+00]\n",
      " [ 0.00000e+00  0.00000e+00  1.00000e+00  0.00000e+00]\n",
      " [-8.85649e+02 -3.39614e+03  0.00000e+00  1.00000e+00]]\n",
      "[[ 9.99145e-01  4.13382e-02  0.00000e+00  0.00000e+00]\n",
      " [-4.13382e-02  9.99145e-01  0.00000e+00  0.00000e+00]\n",
      " [ 0.00000e+00  0.00000e+00  1.00000e+00  0.00000e+00]\n",
      " [-1.30598e+03 -3.03915e+03 -7.62939e-06  1.00000e+00]]\n",
      "[[ 9.98178e-01  6.03320e-02  0.00000e+00  0.00000e+00]\n",
      " [-6.03320e-02  9.98178e-01  0.00000e+00  0.00000e+00]\n",
      " [ 0.00000e+00  0.00000e+00  1.00000e+00  0.00000e+00]\n",
      " [-1.02440e+03 -2.97331e+03  7.62939e-06  1.00000e+00]]\n",
      "[[ 9.98974e-01 -4.52829e-02  0.00000e+00  0.00000e+00]\n",
      " [ 4.52829e-02  9.98974e-01  0.00000e+00  0.00000e+00]\n",
      " [ 0.00000e+00  0.00000e+00  1.00000e+00  0.00000e+00]\n",
      " [-2.36387e+03 -2.36385e+03  0.00000e+00  1.00000e+00]]\n",
      "[[ 9.91624e-01 -1.29156e-01  0.00000e+00  0.00000e+00]\n",
      " [ 1.29156e-01  9.91624e-01  0.00000e+00  0.00000e+00]\n",
      " [ 0.00000e+00  0.00000e+00  1.00000e+00  0.00000e+00]\n",
      " [-2.80899e+03 -1.58854e+03  7.62939e-06  1.00000e+00]]\n",
      "[[ 9.49183e-01  3.14726e-01  0.00000e+00  0.00000e+00]\n",
      " [-3.14726e-01  9.49183e-01  0.00000e+00  0.00000e+00]\n",
      " [ 0.00000e+00  0.00000e+00  1.00000e+00  0.00000e+00]\n",
      " [ 1.38575e+03 -3.55872e+03  0.00000e+00  1.00000e+00]]\n",
      "[[ 9.98464e-01 -5.54003e-02  0.00000e+00  0.00000e+00]\n",
      " [ 5.54003e-02  9.98464e-01  0.00000e+00  0.00000e+00]\n",
      " [ 0.00000e+00  0.00000e+00  1.00000e+00  0.00000e+00]\n",
      " [-2.28522e+03 -2.26660e+03  0.00000e+00  1.00000e+00]]\n",
      "[[ 9.92123e-01  1.25270e-01  0.00000e+00  0.00000e+00]\n",
      " [-1.25270e-01  9.92123e-01  0.00000e+00  0.00000e+00]\n",
      " [ 0.00000e+00  0.00000e+00  9.99999e-01  0.00000e+00]\n",
      " [-6.02863e+02 -2.60871e+03  0.00000e+00  1.00000e+00]]\n",
      "[[ 9.98168e-01 -6.04895e-02  0.00000e+00  0.00000e+00]\n",
      " [ 6.04895e-02  9.98168e-01  0.00000e+00  0.00000e+00]\n",
      " [ 0.00000e+00  0.00000e+00  1.00000e+00  0.00000e+00]\n",
      " [-2.41030e+03 -2.12263e+03  0.00000e+00  1.00000e+00]]\n",
      "[[ 9.84148e-01  1.77348e-01  0.00000e+00  0.00000e+00]\n",
      " [-1.77348e-01  9.84148e-01  0.00000e+00  0.00000e+00]\n",
      " [ 0.00000e+00  0.00000e+00  9.99999e-01  0.00000e+00]\n",
      " [ 1.71211e+02 -3.11558e+03  7.62939e-06  1.00000e+00]]\n",
      "[[ 9.99040e-01 -4.37992e-02  0.00000e+00  0.00000e+00]\n",
      " [ 4.37992e-02  9.99040e-01  0.00000e+00  0.00000e+00]\n",
      " [ 0.00000e+00  0.00000e+00  1.00000e+00  0.00000e+00]\n",
      " [-2.45645e+03 -2.41099e+03  7.62939e-06  1.00000e+00]]\n",
      "[[ 9.86791e-01 -1.61995e-01  0.00000e+00  0.00000e+00]\n",
      " [ 1.61995e-01  9.86791e-01  0.00000e+00  0.00000e+00]\n",
      " [ 0.00000e+00  0.00000e+00  1.00000e+00  0.00000e+00]\n",
      " [-3.32581e+03 -4.94741e+02  7.62939e-06  1.00000e+00]]\n",
      "[[ 9.94362e-01 -1.06037e-01  0.00000e+00  0.00000e+00]\n",
      " [ 1.06037e-01  9.94362e-01  0.00000e+00  0.00000e+00]\n",
      " [ 0.00000e+00  0.00000e+00  1.00000e+00  0.00000e+00]\n",
      " [-3.15453e+03 -1.46757e+03  7.62939e-06  1.00000e+00]]\n",
      "[[ 9.98774e-01  4.94990e-02  0.00000e+00  0.00000e+00]\n",
      " [-4.94990e-02  9.98774e-01  0.00000e+00  0.00000e+00]\n",
      " [ 0.00000e+00  0.00000e+00  1.00000e+00  0.00000e+00]\n",
      " [-1.66765e+03 -2.18216e+03  7.62939e-06  1.00000e+00]]\n",
      "[[ 9.91219e-01  1.32229e-01  0.00000e+00  0.00000e+00]\n",
      " [-1.32229e-01  9.91219e-01  0.00000e+00  0.00000e+00]\n",
      " [ 0.00000e+00  0.00000e+00  1.00000e+00  0.00000e+00]\n",
      " [-2.55081e+02 -2.94738e+03  0.00000e+00  1.00000e+00]]\n",
      "[[ 9.97128e-01  7.57312e-02  0.00000e+00  0.00000e+00]\n",
      " [-7.57312e-02  9.97128e-01  0.00000e+00  0.00000e+00]\n",
      " [ 0.00000e+00  0.00000e+00  1.00000e+00  0.00000e+00]\n",
      " [-1.11747e+03 -2.68753e+03  0.00000e+00  1.00000e+00]]\n",
      "[[ 9.80908e-01 -1.94472e-01  0.00000e+00  0.00000e+00]\n",
      " [ 1.94472e-01  9.80908e-01  0.00000e+00  0.00000e+00]\n",
      " [ 0.00000e+00  0.00000e+00  1.00000e+00  0.00000e+00]\n",
      " [-3.60521e+03 -8.98555e+02  7.62939e-06  1.00000e+00]]\n",
      "[[ 9.98323e-01 -5.78786e-02  0.00000e+00  0.00000e+00]\n",
      " [ 5.78786e-02  9.98323e-01  0.00000e+00  0.00000e+00]\n",
      " [ 0.00000e+00  0.00000e+00  1.00000e+00  0.00000e+00]\n",
      " [-2.60408e+03 -1.43704e+03 -4.54747e-13  1.00000e+00]]\n",
      "[[ 9.89589e-01 -1.43920e-01  0.00000e+00  0.00000e+00]\n",
      " [ 1.43920e-01  9.89589e-01  0.00000e+00  0.00000e+00]\n",
      " [ 0.00000e+00  0.00000e+00  1.00000e+00  0.00000e+00]\n",
      " [-2.73150e+03 -7.75948e+02 -7.62939e-06  1.00000e+00]]\n",
      "[[ 9.97460e-01 -7.12242e-02  0.00000e+00  0.00000e+00]\n",
      " [ 7.12242e-02  9.97460e-01  0.00000e+00  0.00000e+00]\n",
      " [ 0.00000e+00  0.00000e+00  1.00000e+00  0.00000e+00]\n",
      " [-2.33050e+03 -2.03612e+03  1.52588e-05  1.00000e+00]]\n",
      "[[ 9.94818e-01 -1.01679e-01  0.00000e+00  0.00000e+00]\n",
      " [ 1.01679e-01  9.94818e-01  0.00000e+00  0.00000e+00]\n",
      " [ 0.00000e+00  0.00000e+00  1.00000e+00  0.00000e+00]\n",
      " [-2.66565e+03 -1.48319e+03 -7.62939e-06  1.00000e+00]]\n",
      "[[ 9.98702e-01 -5.09275e-02  0.00000e+00  0.00000e+00]\n",
      " [ 5.09275e-02  9.98702e-01  0.00000e+00  0.00000e+00]\n",
      " [ 0.00000e+00  0.00000e+00  1.00000e+00  0.00000e+00]\n",
      " [-2.45351e+03 -1.26092e+03  0.00000e+00  1.00000e+00]]\n",
      "[[ 9.98589e-01  5.31008e-02  0.00000e+00  0.00000e+00]\n",
      " [-5.31008e-02  9.98589e-01  0.00000e+00  0.00000e+00]\n",
      " [ 0.00000e+00  0.00000e+00  1.00000e+00  0.00000e+00]\n",
      " [-9.97240e+02 -2.09363e+03  0.00000e+00  1.00000e+00]]\n",
      "[[ 9.78433e-01  2.06564e-01  0.00000e+00  0.00000e+00]\n",
      " [-2.06564e-01  9.78433e-01  0.00000e+00  0.00000e+00]\n",
      " [ 0.00000e+00  0.00000e+00  1.00000e+00  0.00000e+00]\n",
      " [ 1.06994e+02 -2.53766e+03  0.00000e+00  1.00000e+00]]\n",
      "[[ 9.99996e-01  2.84311e-03  0.00000e+00  0.00000e+00]\n",
      " [-2.84311e-03  9.99996e-01  0.00000e+00  0.00000e+00]\n",
      " [ 0.00000e+00  0.00000e+00  1.00000e+00  0.00000e+00]\n",
      " [-1.46737e+03 -1.91885e+03  0.00000e+00  1.00000e+00]]\n",
      "[[ 9.88091e-01 -1.51027e-01 -2.94129e-02  0.00000e+00]\n",
      " [ 1.50960e-01  9.88529e-01 -4.49371e-03  0.00000e+00]\n",
      " [ 2.97543e-02 -7.45058e-08  9.99557e-01  0.00000e+00]\n",
      " [-2.78745e+03 -5.56759e+02  2.32232e+02  1.00000e+00]]\n",
      "[[ 9.96866e-01  7.91068e-02  0.00000e+00  0.00000e+00]\n",
      " [-7.91068e-02  9.96866e-01  0.00000e+00  0.00000e+00]\n",
      " [ 0.00000e+00  0.00000e+00  1.00000e+00  0.00000e+00]\n",
